"","StartDate","EndDate","Progress","Duration.s","Finished","RecordedDate","responseID","LocationLatitude","LocationLongitude","percentCom","percentGov","operateFresh","operateMarine","wasInElodea","pax","hCostHigh","hCostLow","freshOutside","locOutside","purchaseOutside","purchaseYear","purchaseType","purchaseLoc","multiOwn","multiOwnEmail","age","Clean","sportfishConc","boatingSafetyConc","recValueConc","businessConc","realEstateConc","subsistConc","biodivConc","commFishConc","volunteer","emailAsk","percentPer","Income","ageBin","type"
"1","8/28/2018 12:31","8/28/2018 12:48",100,1031,TRUE,"8/28/2018 12:48","R_1FkCiQmxzOZRDev",61.145401,-149.7664032,0,0.1,"Yes","Yes","No","4",240,240,"No or did not report","","No",NA,"","","No","",52,"100% of the time",5,1,2,NA,NA,4,3,NA,"","",0.9,112500,"51-60","personal"
"2","8/28/2018 14:21","8/28/2018 14:22",100,52,TRUE,"8/28/2018 14:22","R_2ts39neDOF8rHk1",61.18859863,-149.8878021,0,0,"No","Yes",NA,"",NA,NA,"No or did not report","","",NA,"","","","",NA,"Less than 100% of the time",NA,NA,NA,NA,NA,NA,NA,NA,"","",1,87500,NA,"personal"
"3","8/28/2018 15:17","8/28/2018 15:17",100,25,TRUE,"8/28/2018 15:17","R_aboh3Edrotju1Gh",61.145401,-149.7664032,0,0,"No","Yes",NA,"",NA,NA,"No or did not report","","",NA,"","","","",NA,"Less than 100% of the time",NA,NA,NA,NA,NA,NA,NA,NA,"","",1,87500,NA,"personal"
"4","8/28/2018 15:20","8/28/2018 15:30",100,571,TRUE,"8/28/2018 15:30","R_xsZTdg5cBYfKlMJ",61.11199951,-149.9044037,0,0,"Yes","No","No","4",NA,NA,"No or did not report","","No",NA,"","","No","",57,"100% of the time",5,1,3,4,4,4,4,4,"Reporting: keeping an eye out for invasive plants and animals after each boat trip and report sightings?(Note, convenient and user-friendly reporting tools are available, such as smart phone apps.)","gaveEmail",1,87500,"51-60","personal"
"5","8/28/2018 16:17","8/28/2018 16:19",100,125,TRUE,"8/28/2018 16:19","R_eY9qsmW6UmKC2ml",61.22309875,-149.8527985,0.1,0,"No","Yes",NA,"",NA,NA,"No or did not report","","",NA,"","","","",NA,"Less than 100% of the time",NA,NA,NA,NA,NA,NA,NA,NA,"","",0.9,87500,NA,"personal"
"6","8/28/2018 16:20","8/28/2018 16:21",100,40,TRUE,"8/28/2018 16:21","R_88rGFQqxvI0SFnr",61.22309875,-149.8527985,0,0,"No","Yes",NA,"",NA,NA,"No or did not report","","",NA,"","","","",NA,"Less than 100% of the time",NA,NA,NA,NA,NA,NA,NA,NA,"","",1,87500,NA,"personal"
"7","8/28/2018 16:26","8/28/2018 16:35",100,557,TRUE,"8/28/2018 16:35","R_2TZwaGf0QiWDAFd",61.52349854,-149.5747986,0,0,"Yes","Yes","No","2",0,0,"No or did not report","","No",NA,"","","No","",50,"Less than 100% of the time",5,1,1,1,4,2,1,3,"Reporting: keeping an eye out for invasive plants and animals after each boat trip and report sightings?(Note, convenient and user-friendly reporting tools are available, such as smart phone apps.)","gaveEmail",1,137500,"41-50","personal"
"8","8/28/2018 16:32","8/28/2018 16:42",100,593,TRUE,"8/28/2018 16:42","R_WvMmm0jXvxLZuUN",61.11199951,-149.9044037,0,0,"Yes","No","No","4",10,10,"No or did not report","","No",NA,"","","No","",76,"100% of the time",5,5,5,1,5,5,5,1,"","gaveEmail",1,62500,"71-80","personal"
"9","8/28/2018 17:11","8/28/2018 17:39",100,1668,TRUE,"8/28/2018 17:39","R_24iOeqwvtePvpEs",61.2059021,-149.8231964,0,0,"Yes","No","No","3",30,15,"No or did not report","","No",NA,"","","No","",70,"100% of the time",5,3,5,3,3,3,3,4,"","gaveEmail",1,112500,"61-70","personal"
"10","8/28/2018 19:02","8/28/2018 19:03",100,46,TRUE,"8/28/2018 19:03","R_3jeCjUmlr0SYjd5",61.08070374,-149.7091064,0,0,"No","Yes",NA,"",NA,NA,"No or did not report","","",NA,"","","","",NA,"Less than 100% of the time",NA,NA,NA,NA,NA,NA,NA,NA,"","",1,87500,NA,"personal"
"11","8/28/2018 19:25","8/28/2018 19:42",100,1011,TRUE,"8/28/2018 19:42","R_3lGohtryMXElyFn",61.21490479,-149.2583008,0,0,"Yes","No","No","1",NA,NA,"No or did not report","","No",NA,"","","No","",58,"Less than 100% of the time",3,1,1,1,1,1,1,1,"","",1,62500,"51-60","personal"
"12","8/28/2018 20:23","8/28/2018 20:24",100,78,TRUE,"8/28/2018 20:24","R_1LbYgYeqUC4D48N",61.08070374,-149.7091064,0,0,"No","Yes",NA,"",NA,NA,"No or did not report","","",NA,"","","","",NA,"Less than 100% of the time",NA,NA,NA,NA,NA,NA,NA,NA,"","",1,87500,NA,"personal"
"13","8/28/2018 20:33","8/28/2018 20:34",100,47,TRUE,"8/28/2018 20:34","R_1NkswicpNJara8d",61.21490479,-149.2583008,0,0,"No","Yes",NA,"",NA,NA,"No or did not report","","",NA,"","","","",NA,"Less than 100% of the time",NA,NA,NA,NA,NA,NA,NA,NA,"","",1,87500,NA,"personal"
"14","8/28/2018 23:55","8/29/2018 0:05",100,613,TRUE,"8/29/2018 0:05","R_2Y9sbaCDYcQEUEH",61.52349854,-149.5747986,0,0,"Yes","No","No","1",0,0,"No or did not report","","No",NA,"","","No","",64,"100% of the time",5,3,2,1,1,5,5,2,"","gaveEmail",1,87500,"61-70","personal"
"15","8/29/2018 7:49","8/29/2018 7:50",100,20,TRUE,"8/29/2018 7:50","R_88iKGaLWhamNSrD",61.08070374,-149.7091064,0,0,"No","No",NA,"",NA,NA,"No or did not report","","",NA,"","","","",NA,"Less than 100% of the time",NA,NA,NA,NA,NA,NA,NA,NA,"","",1,87500,NA,"personal"
"16","8/29/2018 8:09","8/29/2018 8:27",100,1082,TRUE,"8/29/2018 8:27","R_1gjfOLZSD1PRB2f",61.145401,-149.7664032,0,0,"Yes","No","No","2",45,35,"No or did not report","","No",NA,"","","No","",60,"100% of the time",5,3,3,1,2,2,2,1,"","",1,175000,"51-60","personal"
"17","8/29/2018 8:28","8/29/2018 8:38",100,607,TRUE,"8/29/2018 8:38","R_27doxRY2YFgKADU",37.78059387,-121.9904022,0,0,"Yes","Yes","No","1",5,0,"No or did not report","","No",NA,"","","No","",50,"100% of the time",5,2,5,1,1,5,3,3,"Reporting: keeping an eye out for invasive plants and animals after each boat trip and report sightings?(Note, convenient and user-friendly reporting tools are available, such as smart phone apps.),Monitoring: a more involved protocol not only keeping an eye out for invasives but collecting water samples, etc.","gaveEmail",1,225000,"41-50","personal"
"18","8/29/2018 8:53","8/29/2018 9:02",100,521,TRUE,"8/29/2018 9:02","R_3qyPMBCJu7nOA3D",61.15939331,-149.8865051,0,0,"Yes","Yes","No","2",8,8,"No or did not report","","No",NA,"","","No","",NA,"100% of the time",2,1,5,5,5,5,3,4,"","",1,87500,NA,"personal"
"19","8/29/2018 11:21","8/29/2018 11:21",100,34,TRUE,"8/29/2018 11:21","R_RqXenvon45Lxrhf",58.58129883,-134.7698059,0,0,"No","Yes",NA,"",NA,NA,"No or did not report","","",NA,"","","","",NA,"Less than 100% of the time",NA,NA,NA,NA,NA,NA,NA,NA,"","",1,87500,NA,"personal"
"20","8/29/2018 11:36","8/29/2018 11:44",100,428,TRUE,"8/29/2018 11:44","R_1jKdXoaykxea0dt",61.11199951,-149.9044037,0,0,"Yes","No","No","4",NA,0,"No or did not report","","No",NA,"","","No","",46,"Less than 100% of the time",5,2,5,5,3,5,5,5,"Reporting: keeping an eye out for invasive plants and animals after each boat trip and report sightings?(Note, convenient and user-friendly reporting tools are available, such as smart phone apps.)","",1,112500,"41-50","personal"
"21","8/29/2018 11:38","8/29/2018 11:51",100,779,TRUE,"8/29/2018 11:51","R_1FSevhM9Y4aZiFU",58.58129883,-134.7698059,0.8,0,"Yes","Yes","No","2",50,25,"No or did not report","","Yes",2018,"Used","Washington","No","",34,"Less than 100% of the time",5,1,5,1,1,5,5,5,"","",0.2,62500,"31-40","commercial"
"22","8/29/2018 12:16","8/29/2018 12:37",100,1252,TRUE,"8/29/2018 12:37","R_3r0rjU9nGSJDsBy",61.21490479,-149.2583008,0,0,"Yes","No","No","4",100,50,"No or did not report","","No",NA,"","","Yes","gaveEmail",67,"Less than 100% of the time",5,1,1,1,1,5,1,1,"","gaveEmail",1,12500,"61-70","personal"
"23","8/29/2018 12:51","8/29/2018 12:52",100,53,TRUE,"8/29/2018 12:52","R_2UhEfw3mDIuzTu6",64.83779907,-147.7164001,0,0,"No","Yes",NA,"",NA,NA,"No or did not report","","",NA,"","","","",NA,"Less than 100% of the time",NA,NA,NA,NA,NA,NA,NA,NA,"","",1,87500,NA,"personal"
"24","8/29/2018 13:09","8/29/2018 13:10",100,59,TRUE,"8/29/2018 13:10","R_1Qu21p1YgxwFe6k",64.83779907,-147.7164001,0,0,"No","",NA,"",NA,NA,"No or did not report","","",NA,"","","","",NA,"Less than 100% of the time",NA,NA,NA,NA,NA,NA,NA,NA,"","",1,87500,NA,"personal"
"25","8/29/2018 13:17","8/29/2018 13:18",100,29,TRUE,"8/29/2018 13:18","R_2ZIUCcmNbWMUUAt",61.17770386,-149.6383972,0,0,"No","Yes",NA,"",NA,NA,"No or did not report","","",NA,"","","","",NA,"Less than 100% of the time",NA,NA,NA,NA,NA,NA,NA,NA,"","",1,87500,NA,"personal"
"26","8/29/2018 13:22","8/29/2018 13:23",100,43,TRUE,"8/29/2018 13:23","R_3e2JVzuHawgobeR",61.15939331,-149.8865051,0,0,"No","Yes",NA,"",NA,NA,"No or did not report","","",NA,"","","","",NA,"Less than 100% of the time",NA,NA,NA,NA,NA,NA,NA,NA,"","",1,87500,NA,"personal"
"27","8/29/2018 13:11","8/29/2018 13:26",100,900,TRUE,"8/29/2018 13:26","R_u7y4gwk9E9ZkDxT",61.21809387,-149.9002991,0,0,"Yes","Yes","No","2",42,42,"No or did not report","","No",NA,"","","No","",35,"100% of the time",5,1,4,3,3,5,4,2,"Monitoring: a more involved protocol not only keeping an eye out for invasives but collecting water samples, etc.","",1,112500,"31-40","personal"
"28","8/29/2018 13:24","8/29/2018 13:38",100,827,TRUE,"8/29/2018 13:38","R_3neMKg8wyYHl8To",61.18859863,-149.8878021,0,0,"Yes","No","No","4",NA,NA,"No or did not report","","No",NA,"","","No","",65,"Less than 100% of the time",4,5,5,1,3,1,4,1,"","gaveEmail",1,37500,"61-70","personal"
"29","8/29/2018 13:47","8/29/2018 13:59",100,736,TRUE,"8/29/2018 13:59","R_2Eyg4bu1yE1OEj1",61.52349854,-149.5747986,0,0,"Yes","No","No","6",1,1,"No or did not report","","No",NA,"","","No","",39,"Less than 100% of the time",4,5,4,5,3,3,4,3,"","",1,112500,"31-40","personal"
"30","8/29/2018 13:21","8/29/2018 14:01",100,2369,TRUE,"8/29/2018 14:01","R_CZTBTf4xwbdkd7H",61.2059021,-149.8231964,0,0,"Yes","Yes","No","2",40,10,"No or did not report","","No",NA,"","","No","",64,"100% of the time",4,2,3,3,3,3,2,4,"","gaveEmail",1,62500,"61-70","personal"
"31","8/29/2018 14:24","8/29/2018 14:27",100,150,TRUE,"8/29/2018 14:27","R_1IbzCYJeFLddb5d",61.16369629,-149.9916992,0,0,"No","Yes",NA,"",NA,NA,"No or did not report","","",NA,"","","","",NA,"Less than 100% of the time",NA,NA,NA,NA,NA,NA,NA,NA,"","",1,87500,NA,"personal"
"32","8/29/2018 14:28","8/29/2018 14:40",100,726,TRUE,"8/29/2018 14:40","R_3NwSIxGXsJo43EX",47.61030579,-122.3340988,0,0,"Yes","No","No","1",5,5,"No or did not report","","No",NA,"","","No","",75,"100% of the time",5,NA,5,NA,NA,5,NA,NA,"","gaveEmail",1,112500,"71-80","personal"
"33","8/29/2018 14:49","8/29/2018 14:51",100,94,TRUE,"8/29/2018 14:51","R_0Mt3XjtZ6vfCzwR",61.52349854,-149.5747986,0,0,"No","Yes",NA,"",NA,NA,"No or did not report","","",NA,"","","","",NA,"Less than 100% of the time",NA,NA,NA,NA,NA,NA,NA,NA,"","",1,87500,NA,"personal"
"34","8/29/2018 15:02","8/29/2018 15:04",100,87,TRUE,"8/29/2018 15:04","R_1IyBubsHkxrVqvl",61.5809021,-149.4414978,0,0.1,"No","No",NA,"",NA,NA,"No or did not report","","",NA,"","","","",NA,"Less than 100% of the time",NA,NA,NA,NA,NA,NA,NA,NA,"","",0.9,87500,NA,"personal"
"35","8/29/2018 15:05","8/29/2018 15:08",100,165,TRUE,"8/29/2018 15:08","R_2EhL2fJtFJVpHYi",56.73530579,-135.009201,0,0,"No","Yes",NA,"",NA,NA,"No or did not report","","",NA,"","","","",NA,"Less than 100% of the time",NA,NA,NA,NA,NA,NA,NA,NA,"","",1,87500,NA,"personal"
"36","8/29/2018 15:23","8/29/2018 15:24",100,38,TRUE,"8/29/2018 15:24","R_2VxXc7C6uvtePSc",61.08070374,-149.7091064,0,0,"No","Yes",NA,"",NA,NA,"No or did not report","","",NA,"","","","",NA,"Less than 100% of the time",NA,NA,NA,NA,NA,NA,NA,NA,"","",1,87500,NA,"personal"
"37","8/29/2018 14:16","8/29/2018 15:36",100,4775,TRUE,"8/29/2018 15:36","R_x9pc6mjHAm4CfKN",64.90060425,-148.1613007,0,0,"Yes","No","No","4",10,10,"No or did not report","","No",NA,"","","No","",72,"Less than 100% of the time",3,5,4,3,3,3,3,3,"Monitoring: a more involved protocol not only keeping an eye out for invasives but collecting water samples, etc.","gaveEmail",1,112500,"71-80","personal"
"38","8/29/2018 15:44","8/29/2018 15:45",100,46,TRUE,"8/29/2018 15:45","R_1OwMIAYeQvjC9ez",61.16369629,-149.9916992,0,0,"No","Yes",NA,"",NA,NA,"No or did not report","","",NA,"","","","",NA,"Less than 100% of the time",NA,NA,NA,NA,NA,NA,NA,NA,"","",1,87500,NA,"personal"
"39","8/29/2018 15:59","8/29/2018 16:00",100,39,TRUE,"8/29/2018 16:00","R_1KpzdopHIlrx4wp",61.52349854,-149.5747986,0,0,"No","Yes",NA,"",NA,NA,"No or did not report","","",NA,"","","","",NA,"Less than 100% of the time",NA,NA,NA,NA,NA,NA,NA,NA,"","",1,87500,NA,"personal"
"40","8/29/2018 15:54","8/29/2018 16:07",100,768,TRUE,"8/29/2018 16:07","R_2ru8EBm7PPcT14F",61.145401,-149.7664032,0,0,"Yes","No","No","3",NA,NA,"No or did not report","","No",NA,"","","No","",67,"Less than 100% of the time",5,NA,5,NA,NA,NA,NA,NA,"","",1,62500,"61-70","personal"
"41","8/29/2018 16:13","8/29/2018 16:15",100,140,TRUE,"8/29/2018 16:15","R_3snnUOYu2bpeMNn",59.40390015,-151.3238983,0,0,"No","Yes",NA,"",NA,NA,"No or did not report","","",NA,"","","","",NA,"Less than 100% of the time",NA,NA,NA,NA,NA,NA,NA,NA,"","",1,87500,NA,"personal"
"42","8/29/2018 16:21","8/29/2018 16:30",100,503,TRUE,"8/29/2018 16:30","R_2SiCP83GjZhwr12",61.22309875,-149.8527985,0.2,0,"Yes","No","No","2",8,5,"No or did not report","","No",NA,"","","No","",47,"Less than 100% of the time",5,1,5,5,1,1,5,1,"Reporting: keeping an eye out for invasive plants and animals after each boat trip and report sightings?(Note, convenient and user-friendly reporting tools are available, such as smart phone apps.)","gaveEmail",0.8,62500,"41-50","personal"
"43","8/29/2018 17:12","8/29/2018 17:20",100,484,TRUE,"8/29/2018 17:20","R_3qdoUUabCvFaZI1",61.17770386,-149.6383972,0,0,"Yes","No","No","3",10,5,"No or did not report","","No",NA,"","","No","",30,"Less than 100% of the time",5,5,5,1,1,1,5,1,"Reporting: keeping an eye out for invasive plants and animals after each boat trip and report sightings?(Note, convenient and user-friendly reporting tools are available, such as smart phone apps.)","gaveEmail",1,112500,"21-30","personal"
"44","8/29/2018 17:19","8/29/2018 17:20",100,68,TRUE,"8/29/2018 17:20","R_1FzUe1vvTIVp8oG",59.40390015,-151.3238983,0,0,"No","Yes",NA,"",NA,NA,"No or did not report","","",NA,"","","","",NA,"Less than 100% of the time",NA,NA,NA,NA,NA,NA,NA,NA,"","",1,87500,NA,"personal"
"45","8/29/2018 17:50","8/29/2018 17:51",100,57,TRUE,"8/29/2018 17:51","R_33kXsLHyxDf98zO",58.58129883,-134.7698059,0,0,"No","Yes",NA,"",NA,NA,"No or did not report","","",NA,"","","","",NA,"Less than 100% of the time",NA,NA,NA,NA,NA,NA,NA,NA,"","",1,87500,NA,"personal"
"46","8/29/2018 17:59","8/29/2018 18:00",100,84,TRUE,"8/29/2018 18:00","R_28OF7f2avX6aGTU",64.8184967,-147.7216034,0,0,"No","No",NA,"",NA,NA,"No or did not report","","",NA,"","","","",NA,"Less than 100% of the time",NA,NA,NA,NA,NA,NA,NA,NA,"","",1,87500,NA,"personal"
"47","8/29/2018 18:56","8/29/2018 18:57",100,30,TRUE,"8/29/2018 18:57","R_3qUMnRcgjfho4vq",57.15879822,-154.0800018,0,0,"No","Yes",NA,"",NA,NA,"No or did not report","","",NA,"","","","",NA,"Less than 100% of the time",NA,NA,NA,NA,NA,NA,NA,NA,"","",1,87500,NA,"personal"
"48","8/29/2018 18:59","8/29/2018 19:16",100,1015,TRUE,"8/29/2018 19:16","R_2zAfijqmXksv71n",60.66059875,-150.9060059,0,0,"Yes","Yes","Yes","2",50,0,"No or did not report","","No",NA,"","","No","",56,"100% of the time",5,1,3,3,3,3,3,3,"Reporting: keeping an eye out for invasive plants and animals after each boat trip and report sightings?(Note, convenient and user-friendly reporting tools are available, such as smart phone apps.)","gaveEmail",1,87500,"51-60","personal"
"49","8/29/2018 19:19","8/29/2018 19:20",100,39,TRUE,"8/29/2018 19:20","R_1dBxNPEL0507mvo",47.75549316,-122.2991943,0,0,"No","Yes",NA,"",NA,NA,"No or did not report","","",NA,"","","","",NA,"Less than 100% of the time",NA,NA,NA,NA,NA,NA,NA,NA,"","",1,87500,NA,"personal"
"50","8/29/2018 19:20","8/29/2018 19:21",100,56,TRUE,"8/29/2018 19:21","R_1q7LdGITwXFMM2C",58.58129883,-134.7698059,0,0,"No","Yes",NA,"",NA,NA,"No or did not report","","",NA,"","","","",NA,"Less than 100% of the time",NA,NA,NA,NA,NA,NA,NA,NA,"","",1,87500,NA,"personal"
"51","8/29/2018 19:26","8/29/2018 19:26",100,23,TRUE,"8/29/2018 19:26","R_1gonEr0VVSLwDOj",64.93130493,-146.6123047,0,0,"No","No",NA,"",NA,NA,"No or did not report","","",NA,"","","","",NA,"Less than 100% of the time",NA,NA,NA,NA,NA,NA,NA,NA,"","",1,87500,NA,"personal"
"52","8/29/2018 19:40","8/29/2018 19:41",100,107,TRUE,"8/29/2018 19:41","R_4Uce1ZjZkVfrMK5",61.17770386,-149.6383972,0,0,"No","No",NA,"",NA,NA,"No or did not report","","",NA,"","","","",NA,"Less than 100% of the time",NA,NA,NA,NA,NA,NA,NA,NA,"","",1,87500,NA,"personal"
"53","8/29/2018 19:46","8/29/2018 19:48",100,69,TRUE,"8/29/2018 19:48","R_3ELqNBWnQSI3Rga",58.58129883,-134.7698059,0,0,"No","Yes",NA,"",NA,NA,"No or did not report","","",NA,"","","","",NA,"Less than 100% of the time",NA,NA,NA,NA,NA,NA,NA,NA,"","",1,87500,NA,"personal"
"54","8/29/2018 20:00","8/29/2018 20:02",100,86,TRUE,"8/29/2018 20:02","R_1hN16WmrbORxuY8",57.15879822,-154.0800018,0,0,"No","Yes",NA,"",NA,NA,"No or did not report","","",NA,"","","","",NA,"Less than 100% of the time",NA,NA,NA,NA,NA,NA,NA,NA,"","",1,87500,NA,"personal"
"55","8/29/2018 20:13","8/29/2018 20:13",100,42,TRUE,"8/29/2018 20:13","R_5iGgpD5obOdqrqF",55.46220398,-132.8392029,0,0,"No","Yes",NA,"",NA,NA,"No or did not report","","",NA,"","","","",NA,"Less than 100% of the time",NA,NA,NA,NA,NA,NA,NA,NA,"","",1,87500,NA,"personal"
"56","8/29/2018 20:13","8/29/2018 20:14",100,88,TRUE,"8/29/2018 20:14","R_1P7sYVCGZTgLZZ8",55.61529541,-131.5848083,0,0,"No","Yes",NA,"",NA,NA,"No or did not report","","",NA,"","","","",NA,"Less than 100% of the time",NA,NA,NA,NA,NA,NA,NA,NA,"","",1,87500,NA,"personal"
"57","8/29/2018 20:15","8/29/2018 20:15",100,47,TRUE,"8/29/2018 20:15","R_RzfyelQOgGdZ4M9",58.58129883,-134.7698059,0,0,"No","Yes",NA,"",NA,NA,"No or did not report","","",NA,"","","","",NA,"Less than 100% of the time",NA,NA,NA,NA,NA,NA,NA,NA,"","",1,87500,NA,"personal"
"58","8/29/2018 21:11","8/29/2018 21:19",100,483,TRUE,"8/29/2018 21:19","R_xgrMcTZ9aleYNhv",58.58129883,-134.7698059,0,0,"Yes","Yes","No","2",75,18,"No or did not report","","No",NA,"","","No","",61,"100% of the time",4,1,3,1,1,1,1,3,"","",1,137500,"61-70","personal"
"59","8/29/2018 21:29","8/29/2018 21:30",100,40,TRUE,"8/29/2018 21:30","R_2f8UWcLuN35PpVP",47.60620117,-122.3320999,0,0,"No","Yes",NA,"",NA,NA,"No or did not report","","",NA,"","","","",NA,"Less than 100% of the time",NA,NA,NA,NA,NA,NA,NA,NA,"","",1,87500,NA,"personal"
"60","8/29/2018 21:30","8/29/2018 21:31",100,67,TRUE,"8/29/2018 21:31","R_3E9XSOZCa6TNnDs",61.21809387,-149.9002991,0,0,"No","No",NA,"",NA,NA,"No or did not report","","",NA,"","","","",NA,"Less than 100% of the time",NA,NA,NA,NA,NA,NA,NA,NA,"","",1,87500,NA,"personal"
"61","8/29/2018 21:44","8/29/2018 21:45",100,82,TRUE,"8/29/2018 21:45","R_31gwNsqogG5ieaa",60.0552063,-149.3365021,0,0,"No","Yes",NA,"",NA,NA,"No or did not report","","",NA,"","","","",NA,"Less than 100% of the time",NA,NA,NA,NA,NA,NA,NA,NA,"","",1,87500,NA,"personal"
"62","8/29/2018 21:55","8/29/2018 21:58",100,211,TRUE,"8/29/2018 21:58","R_3IYvepVn1rrpzC5",61.16369629,-149.9916992,0.2,0,"No","Yes",NA,"",NA,NA,"No or did not report","","",NA,"","","","",NA,"Less than 100% of the time",NA,NA,NA,NA,NA,NA,NA,NA,"","",0.8,87500,NA,"personal"
"63","8/29/2018 22:54","8/29/2018 23:15",100,1234,TRUE,"8/29/2018 23:15","R_1LHHromkSrYDVDf",37.96170044,-121.2606964,0,0,"Yes","No","No","30",30,30,"No or did not report","","No",NA,"","","No","",81,"100% of the time",3,NA,2,NA,NA,5,4,NA,"","gaveEmail",1,62500,">80","personal"
"64","8/29/2018 23:58","8/29/2018 23:58",100,36,TRUE,"8/29/2018 23:58","R_4SHgZfWeVly1a6d",61.19050598,-149.9420013,0,0,"No","No",NA,"",NA,NA,"No or did not report","","",NA,"","","","",NA,"Less than 100% of the time",NA,NA,NA,NA,NA,NA,NA,NA,"","",1,87500,NA,"personal"
"65","8/30/2018 6:23","8/30/2018 6:31",100,489,TRUE,"8/30/2018 6:31","R_2eQgEgkyfV6E9sM",61.145401,-149.7664032,0,0,"Yes","No","No","3",20,5,"No or did not report","","No",NA,"","","No","",52,"100% of the time",5,5,5,3,3,5,4,4,"Reporting: keeping an eye out for invasive plants and animals after each boat trip and report sightings?(Note, convenient and user-friendly reporting tools are available, such as smart phone apps.),Monitoring: a more involved protocol not only keeping an eye out for invasives but collecting water samples, etc.","gaveEmail",1,225000,"51-60","personal"
"66","8/30/2018 7:20","8/30/2018 7:21",100,32,TRUE,"8/30/2018 7:22","R_3fPFpHkOKENGyor",58.58129883,-134.7698059,0.2,0,"No","Yes",NA,"",NA,NA,"No or did not report","","",NA,"","","","",NA,"Less than 100% of the time",NA,NA,NA,NA,NA,NA,NA,NA,"","",0.8,87500,NA,"personal"
"67","8/30/2018 7:32","8/30/2018 7:39",100,413,TRUE,"8/30/2018 7:40","R_9vHH9Q0D7sUgu4N",40.49809265,-74.31939697,0,0,"Yes","No","No","2",10,10,"No or did not report","","No",NA,"","","No","",45,"Less than 100% of the time",5,NA,NA,NA,NA,5,NA,NA,"","gaveEmail",1,225000,"41-50","personal"
"68","8/30/2018 7:37","8/30/2018 7:48",100,657,TRUE,"8/30/2018 7:48","R_20Mp2Spj3W2DCNQ",61.2059021,-149.8231964,0,0,"Yes","Yes","No","3",50,20,"No or did not report","","No",NA,"","","No","",52,"Less than 100% of the time",5,NA,NA,NA,NA,5,5,NA,"Reporting: keeping an eye out for invasive plants and animals after each boat trip and report sightings?(Note, convenient and user-friendly reporting tools are available, such as smart phone apps.),Monitoring: a more involved protocol not only keeping an eye out for invasives but collecting water samples, etc.,Decontamination: conducting training and workshops","gaveEmail",1,112500,"51-60","personal"
"69","8/30/2018 7:59","8/30/2018 8:00",100,39,TRUE,"8/30/2018 8:00","R_3MSuzobqzbIqrMJ",61.18859863,-149.8878021,0,0,"No","No",NA,"",NA,NA,"No or did not report","","",NA,"","","","",NA,"Less than 100% of the time",NA,NA,NA,NA,NA,NA,NA,NA,"","",1,87500,NA,"personal"
"70","8/30/2018 8:01","8/30/2018 8:10",100,567,TRUE,"8/30/2018 8:10","R_AcIT05Cnx4ZUBuV",61.15939331,-149.8865051,0,0,"Yes","No","No","4",60,20,"No or did not report","","No",NA,"","","No","",64,"Less than 100% of the time",4,2,3,4,3,3,5,3,"","",1,87500,"61-70","personal"
"71","8/30/2018 8:21","8/30/2018 8:22",100,41,TRUE,"8/30/2018 8:22","R_1gNgjScQn2SECy5",61.145401,-149.7664032,0,0,"No","Yes",NA,"",NA,NA,"No or did not report","","",NA,"","","","",NA,"Less than 100% of the time",NA,NA,NA,NA,NA,NA,NA,NA,"","",1,87500,NA,"personal"
"72","8/30/2018 8:21","8/30/2018 8:23",100,123,TRUE,"8/30/2018 8:23","R_2vlc3tsbmeyutUC",37.75100708,-97.8219986,0,0,"No","Yes",NA,"",NA,NA,"No or did not report","","",NA,"","","","",NA,"Less than 100% of the time",NA,NA,NA,NA,NA,NA,NA,NA,"","",1,87500,NA,"personal"
"73","8/30/2018 8:49","8/30/2018 9:02",100,793,TRUE,"8/30/2018 9:02","R_2v93tEc8JhAoVlW",61.21809387,-149.9002991,0,0,"Yes","No","Yes","3",20,4,"No or did not report","","No",NA,"","","No","",45,"Less than 100% of the time",5,2,4,1,1,4,4,1,"","",1,87500,"41-50","personal"
"74","8/30/2018 9:04","8/30/2018 9:08",100,292,TRUE,"8/30/2018 9:08","R_BX6VVleZsmaCQCJ",61.19050598,-149.9420013,0,0,"Yes","No","Yes","10",45,15,"No or did not report","","No",NA,"","","No","",38,"Less than 100% of the time",2,4,5,1,5,4,4,1,"Reporting: keeping an eye out for invasive plants and animals after each boat trip and report sightings?(Note, convenient and user-friendly reporting tools are available, such as smart phone apps.),Outreach: connecting other boat operators and organizations","",1,112500,"31-40","personal"
"75","8/30/2018 9:07","8/30/2018 9:09",100,75,TRUE,"8/30/2018 9:09","R_1dMNm2FuQrS1b0I",61.17770386,-149.6383972,0,0,"No","Yes",NA,"",NA,NA,"No or did not report","","",NA,"","","","",NA,"Less than 100% of the time",NA,NA,NA,NA,NA,NA,NA,NA,"","",1,87500,NA,"personal"
"76","8/30/2018 9:28","8/30/2018 9:32",100,258,TRUE,"8/30/2018 9:32","R_2ttnfDAIKG0Dnm3",64.77830505,-147.3370972,0,0,"Yes","No","Yes","2",50,5,"Yes","Kansas","Yes",2012,"","Kansas","No","",41,"Less than 100% of the time",5,NA,4,NA,NA,NA,NA,3,"","gaveEmail",1,112500,"41-50","personal"
"77","8/30/2018 9:33","8/30/2018 9:33",100,50,TRUE,"8/30/2018 9:33","R_RQCVF3zEbCqGoff",55.61529541,-131.5848083,0.1,0,"No","Yes",NA,"",NA,NA,"No or did not report","","",NA,"","","","",NA,"Less than 100% of the time",NA,NA,NA,NA,NA,NA,NA,NA,"","",0.9,87500,NA,"personal"
"78","8/30/2018 9:45","8/30/2018 9:45",100,43,TRUE,"8/30/2018 9:45","R_3QSQjWk2f1YcSV4",56.73530579,-135.009201,0,0,"No","Yes",NA,"",NA,NA,"No or did not report","","",NA,"","","","",NA,"Less than 100% of the time",NA,NA,NA,NA,NA,NA,NA,NA,"","",1,87500,NA,"personal"
"79","8/30/2018 9:47","8/30/2018 9:57",100,616,TRUE,"8/30/2018 9:57","R_3IbCPfZmrU4n183",61.15939331,-149.8865051,0,0,"Yes","No","No","4",NA,NA,"No or did not report","","No",NA,"","","No","",59,"Less than 100% of the time",5,NA,5,3,5,NA,5,NA,"Reporting: keeping an eye out for invasive plants and animals after each boat trip and report sightings?(Note, convenient and user-friendly reporting tools are available, such as smart phone apps.),Monitoring: a more involved protocol not only keeping an eye out for invasives but collecting water samples, etc.","gaveEmail",1,87500,"51-60","personal"
"80","8/30/2018 10:23","8/30/2018 10:24",100,103,TRUE,"8/30/2018 10:24","R_1d49ww9mBnldrSA",58.58129883,-134.7698059,0,0,"No","Yes",NA,"",NA,NA,"No or did not report","","",NA,"","","","",NA,"Less than 100% of the time",NA,NA,NA,NA,NA,NA,NA,NA,"","",1,87500,NA,"personal"
"81","8/30/2018 10:05","8/30/2018 10:26",100,1263,TRUE,"8/30/2018 10:26","R_2zHpISc0RNUtVPE",47.60620117,-122.3320999,0,0,"Yes","No","No","2",3,3,"No or did not report","","No",NA,"","","No","",70,"100% of the time",5,5,5,3,5,4,5,3,"Monitoring: a more involved protocol not only keeping an eye out for invasives but collecting water samples, etc.","gaveEmail",1,37500,"61-70","personal"
"82","8/30/2018 10:26","8/30/2018 10:45",100,1174,TRUE,"8/30/2018 10:45","R_2A0U3FzxTv0Nbtc",60.32080078,-150.7989044,0,0,"Yes","No","No","2",6,2,"No or did not report","","No",NA,"","","No","",65,"100% of the time",5,1,4,3,4,2,4,1,"","gaveEmail",1,87500,"61-70","personal"
"83","8/30/2018 10:45","8/30/2018 10:46",100,59,TRUE,"8/30/2018 10:46","R_26nktWwKz1ZFY8u",55.61529541,-131.5848083,0,0,"No","Yes",NA,"",NA,NA,"No or did not report","","",NA,"","","","",NA,"Less than 100% of the time",NA,NA,NA,NA,NA,NA,NA,NA,"","",1,87500,NA,"personal"
"84","8/30/2018 10:36","8/30/2018 10:50",100,829,TRUE,"8/30/2018 10:50","R_3QGDAF4kI8IjbTK",61.145401,-149.7664032,0,0,"Yes","No","No","4",NA,NA,"No or did not report","","No",NA,"","","No","",70,"100% of the time",5,3,5,5,3,5,5,3,"Reporting: keeping an eye out for invasive plants and animals after each boat trip and report sightings?(Note, convenient and user-friendly reporting tools are available, such as smart phone apps.)","gaveEmail",1,175000,"61-70","personal"
"85","8/30/2018 10:14","8/30/2018 10:51",100,2207,TRUE,"8/30/2018 10:51","R_2xIXtupvLPrMTu7",60.0552063,-149.3365021,0,0,"Yes","Yes","No","4",5,2,"No or did not report","","No",NA,"","","No","",64,"100% of the time",5,2,5,5,2,5,5,5,"","gaveEmail",1,175000,"61-70","personal"
"86","8/30/2018 10:40","8/30/2018 11:01",100,1295,TRUE,"8/30/2018 11:01","R_1gbVwncjoOSB5aS",61.18859863,-149.8878021,0,0.1,"Yes","No","No","1",18,15,"No or did not report","","No",NA,"","","No","",51,"100% of the time",4,1,4,1,1,2,5,1,"Reporting: keeping an eye out for invasive plants and animals after each boat trip and report sightings?(Note, convenient and user-friendly reporting tools are available, such as smart phone apps.),Monitoring: a more involved protocol not only keeping an eye out for invasives but collecting water samples, etc.,Decontamination: developing best practices guide","gaveEmail",0.9,87500,"51-60","personal"
"87","8/30/2018 11:08","8/30/2018 11:09",100,77,TRUE,"8/30/2018 11:09","R_115eKMsWwngjksr",57.15879822,-154.0800018,0.5,0,"No","Yes",NA,"",NA,NA,"No or did not report","","",NA,"","","","",NA,"Less than 100% of the time",NA,NA,NA,NA,NA,NA,NA,NA,"","",0.5,87500,NA,"government"
"88","8/30/2018 11:08","8/30/2018 11:09",100,30,TRUE,"8/30/2018 11:09","R_3svPyzwYwjXBaqn",61.08070374,-149.7091064,0,0,"No","Yes",NA,"",NA,NA,"No or did not report","","",NA,"","","","",NA,"Less than 100% of the time",NA,NA,NA,NA,NA,NA,NA,NA,"","",1,87500,NA,"personal"
"89","8/30/2018 11:30","8/30/2018 11:31",100,78,TRUE,"8/30/2018 11:31","R_RaaYNWzSV9VYmhr",60.32080078,-150.7989044,0,0,"No","Yes",NA,"",NA,NA,"No or did not report","","",NA,"","","","",NA,"Less than 100% of the time",NA,NA,NA,NA,NA,NA,NA,NA,"","",1,87500,NA,"personal"
"90","8/30/2018 11:18","8/30/2018 11:35",100,1055,TRUE,"8/30/2018 11:35","R_3r2M1OCNg12YN1O",64.8184967,-147.7216034,0,0,"Yes","No","Yes","3",20,NA,"No or did not report","","No",NA,"","","No","",49,"100% of the time",NA,NA,NA,NA,5,NA,NA,NA,"Decontamination: developing best practices guide","",1,62500,"41-50","personal"
"91","8/30/2018 11:47","8/30/2018 11:49",100,82,TRUE,"8/30/2018 11:49","R_33jToVdsHcQglo2",56.73530579,-135.009201,1,0,"No","Yes",NA,"",NA,NA,"No or did not report","","",NA,"","","","",NA,"Less than 100% of the time",NA,NA,NA,NA,NA,NA,NA,NA,"","",0,87500,NA,"commercial"
"92","8/30/2018 11:40","8/30/2018 11:55",100,916,TRUE,"8/30/2018 11:55","R_2eQqNRYg6H8xY21",61.145401,-149.7664032,0,0,"Yes","No","Yes","2",100,100,"No or did not report","","Yes",2009,"New","Idaho","No","",61,"100% of the time",5,5,5,5,5,5,3,3,"Reporting: keeping an eye out for invasive plants and animals after each boat trip and report sightings?(Note, convenient and user-friendly reporting tools are available, such as smart phone apps.)","gaveEmail",1,87500,"61-70","personal"
"93","8/30/2018 11:53","8/30/2018 12:01",100,462,TRUE,"8/30/2018 12:01","R_yP9fYrJQTdUpzkB",61.145401,-149.7664032,0,0,"Yes","No","No","2",10,5,"No or did not report","","No",NA,"","","No","",59,"100% of the time",5,NA,NA,NA,NA,NA,5,NA,"Reporting: keeping an eye out for invasive plants and animals after each boat trip and report sightings?(Note, convenient and user-friendly reporting tools are available, such as smart phone apps.)","gaveEmail",1,87500,"51-60","personal"
"94","8/30/2018 12:02","8/30/2018 12:08",100,375,TRUE,"8/30/2018 12:08","R_26lIRXvG183bcOS",61.18859863,-149.8878021,0,0,"Yes","No","Yes","4",0,0,"No or did not report","","No",NA,"","","No","",40,"100% of the time",4,4,5,4,3,5,5,4,"","",1,112500,"31-40","personal"
"95","8/30/2018 12:27","8/30/2018 12:27",100,39,TRUE,"8/30/2018 12:27","R_20TLW4bAWg3n7s8",47.60620117,-122.3320999,0,0,"No","No",NA,"",NA,NA,"No or did not report","","",NA,"","","","",NA,"Less than 100% of the time",NA,NA,NA,NA,NA,NA,NA,NA,"","",1,87500,NA,"personal"
"96","8/30/2018 12:17","8/30/2018 12:31",100,816,TRUE,"8/30/2018 12:31","R_331ZTr7zoFJhSEU",45.52340698,-122.6762009,0,0,"Yes","No","No","2",60,39,"No or did not report","","Yes",2010,"","Oregon","No","",74,"Less than 100% of the time",5,3,5,3,3,5,5,5,"","gaveEmail",1,87500,"71-80","personal"
"97","8/30/2018 12:17","8/30/2018 12:31",100,854,TRUE,"8/30/2018 12:31","R_VJVGEd2yqmqh369",61.15939331,-149.8865051,0,0,"Yes","No","No","3",20,10,"No or did not report","","Yes",2012,"Used","Michigan","No","",58,"100% of the time",1,1,1,1,1,1,1,1,"","gaveEmail",1,175000,"51-60","personal"
"98","8/30/2018 12:26","8/30/2018 12:45",100,1163,TRUE,"8/30/2018 12:45","R_25N6XoSoMbvqsyK",60.32080078,-150.7989044,0,0,"Yes","Yes","Yes","4",12,3,"No or did not report","","No",NA,"","","No","",32,"100% of the time",5,3,4,2,1,2,4,5,"Reporting: keeping an eye out for invasive plants and animals after each boat trip and report sightings?(Note, convenient and user-friendly reporting tools are available, such as smart phone apps.)","gaveEmail",1,112500,"31-40","personal"
"99","8/30/2018 12:56","8/30/2018 12:56",100,36,TRUE,"8/30/2018 12:56","R_3hiO8ah7FoqpLdE",61.52349854,-149.5747986,0,0,"No","No",NA,"",NA,NA,"No or did not report","","",NA,"","","","",NA,"Less than 100% of the time",NA,NA,NA,NA,NA,NA,NA,NA,"","",1,87500,NA,"personal"
"100","8/30/2018 12:53","8/30/2018 12:59",100,336,TRUE,"8/30/2018 12:59","R_3CKtbGGDomWS26j",61.15939331,-149.8865051,0,0,"Yes","No","No","3",0,0,"No or did not report","","No",NA,"","","No","",49,"100% of the time",3,1,2,4,1,5,5,3,"","",1,225000,"41-50","personal"
"101","8/30/2018 13:04","8/30/2018 13:19",100,844,TRUE,"8/30/2018 13:19","R_2afr7gpoxwKc7OC",61.52349854,-149.5747986,0,0,"Yes","No","No","4",62,5,"No or did not report","","Yes",2016,"Used","Arizona","No","",66,"100% of the time",NA,NA,4,NA,4,NA,5,NA,"Reporting: keeping an eye out for invasive plants and animals after each boat trip and report sightings?(Note, convenient and user-friendly reporting tools are available, such as smart phone apps.)","gaveEmail",1,37500,"61-70","personal"
"102","8/30/2018 13:11","8/30/2018 13:25",100,826,TRUE,"8/30/2018 13:25","R_AMYTbskttu7o5Ud",60.32080078,-150.7989044,0,0,"Yes","Yes","No","4",10,10,"No or did not report","","No",NA,"","","No","",38,"100% of the time",5,5,5,3,2,5,3,4,"","gaveEmail",1,62500,"31-40","personal"
"103","8/30/2018 13:25","8/30/2018 13:26",100,68,TRUE,"8/30/2018 13:26","R_1QrtKeBmjEWrTcZ",61.17770386,-149.6383972,0,0,"No","Yes",NA,"",NA,NA,"No or did not report","","",NA,"","","","",NA,"Less than 100% of the time",NA,NA,NA,NA,NA,NA,NA,NA,"","",1,87500,NA,"personal"
"104","8/30/2018 13:39","8/30/2018 13:41",100,111,TRUE,"8/30/2018 13:41","R_3JrN8xKYcaG3oAp",36.88150024,-76.37969971,0,0,"No","Yes",NA,"",NA,NA,"No or did not report","","",NA,"","","","",NA,"Less than 100% of the time",NA,NA,NA,NA,NA,NA,NA,NA,"","",1,87500,NA,"personal"
"105","8/30/2018 13:36","8/30/2018 13:49",100,757,TRUE,"8/30/2018 13:49","R_1IzJsEFefX4nCPH",61.08070374,-149.7091064,0,0,"Yes","No",NA,"1",9,3,"No or did not report","","No",NA,"","","No","",63,"100% of the time",5,1,3,4,5,5,5,5,"Reporting: keeping an eye out for invasive plants and animals after each boat trip and report sightings?(Note, convenient and user-friendly reporting tools are available, such as smart phone apps.),Monitoring: a more involved protocol not only keeping an eye out for invasives but collecting water samples, etc.","gaveEmail",1,37500,"61-70","personal"
"106","8/30/2018 14:19","8/30/2018 14:27",100,530,TRUE,"8/30/2018 14:27","R_2XpoyfLieGgMtm1",61.145401,-149.7664032,0,0,"Yes","No","No","1",NA,NA,"No or did not report","","No",NA,"","","No","",67,"100% of the time",4,1,5,3,4,2,3,1,"","",1,175000,"61-70","personal"
"107","8/30/2018 14:35","8/30/2018 14:36",100,79,TRUE,"8/30/2018 14:36","R_5hSX5BEcoiOxQfn",55.46220398,-132.8392029,0,0,"No","Yes",NA,"",NA,NA,"No or did not report","","",NA,"","","","",NA,"Less than 100% of the time",NA,NA,NA,NA,NA,NA,NA,NA,"","",1,87500,NA,"personal"
"108","8/29/2018 16:50","8/30/2018 14:40",100,78587,TRUE,"8/30/2018 14:40","R_11YpHDz4sqOZLSs",55.46220398,-132.8392029,0,0,"No","Yes",NA,"",NA,NA,"No or did not report","","",NA,"","","","",NA,"Less than 100% of the time",NA,NA,NA,NA,NA,NA,NA,NA,"","",1,87500,NA,"personal"
"109","8/30/2018 14:48","8/30/2018 14:48",100,44,TRUE,"8/30/2018 14:48","R_CZGdIaPdswGCmgV",61.15939331,-149.8865051,0,0,"No","Yes",NA,"",NA,NA,"No or did not report","","",NA,"","","","",NA,"Less than 100% of the time",NA,NA,NA,NA,NA,NA,NA,NA,"","",1,87500,NA,"personal"
"110","8/30/2018 14:54","8/30/2018 14:54",100,15,TRUE,"8/30/2018 14:54","R_1lAfBiiL1oOz22k",61.2059021,-149.8231964,0,0,"No","Yes",NA,"",NA,NA,"No or did not report","","",NA,"","","","",NA,"Less than 100% of the time",NA,NA,NA,NA,NA,NA,NA,NA,"","",1,87500,NA,"personal"
"111","8/30/2018 14:12","8/30/2018 14:56",100,2647,TRUE,"8/30/2018 14:56","R_1KyfZYERwlIcd9F",60.66059875,-150.9060059,0,0,"Yes","No","No","2",18,0,"No or did not report","","No",NA,"","","No","",74,"100% of the time",5,1,3,2,3,4,3,2,"Reporting: keeping an eye out for invasive plants and animals after each boat trip and report sightings?(Note, convenient and user-friendly reporting tools are available, such as smart phone apps.),Monitoring: a more involved protocol not only keeping an eye out for invasives but collecting water samples, etc.","gaveEmail",1,37500,"71-80","personal"
"112","8/30/2018 15:01","8/30/2018 15:10",100,547,TRUE,"8/30/2018 15:10","R_1imtfY4aD20R7z3",60.32080078,-150.7989044,0,0,"Yes","No","No","2",10,10,"No or did not report","","No",NA,"","","Yes","",52,"Less than 100% of the time",5,NA,5,NA,5,NA,NA,NA,"Monitoring: a more involved protocol not only keeping an eye out for invasives but collecting water samples, etc.","gaveEmail",1,175000,"51-60","personal"
"113","8/30/2018 15:12","8/30/2018 15:13",100,55,TRUE,"8/30/2018 15:13","R_3R45qsW25synyTs",61.52349854,-149.5747986,0,0,"No","Yes",NA,"",NA,NA,"No or did not report","","",NA,"","","","",NA,"Less than 100% of the time",NA,NA,NA,NA,NA,NA,NA,NA,"","",1,87500,NA,"personal"
"114","8/30/2018 15:08","8/30/2018 15:16",100,428,TRUE,"8/30/2018 15:16","R_w6oyG1pELp0zxq9",47.60620117,-122.3320999,0,0,"Yes","No","Yes","6",10,6,"No or did not report","","No",NA,"","","No","",40,"100% of the time",2,1,3,2,2,3,2,4,"","",1,87500,"31-40","personal"
"115","8/30/2018 15:20","8/30/2018 15:20",100,42,TRUE,"8/30/2018 15:20","R_OkwTvbUR6kgtVN7",57.15879822,-154.0800018,0,0,"No","Yes",NA,"",NA,NA,"No or did not report","","",NA,"","","","",NA,"Less than 100% of the time",NA,NA,NA,NA,NA,NA,NA,NA,"","",1,87500,NA,"personal"
"116","8/30/2018 15:42","8/30/2018 15:44",100,69,TRUE,"8/30/2018 15:44","R_aWXF0WSgGbb9crv",57.15879822,-154.0800018,0,0,"No","Yes",NA,"",NA,NA,"No or did not report","","",NA,"","","","",NA,"Less than 100% of the time",NA,NA,NA,NA,NA,NA,NA,NA,"","",1,87500,NA,"personal"
"117","8/30/2018 15:51","8/30/2018 15:52",100,42,TRUE,"8/30/2018 15:52","R_1oBvJVIxNvxk2Jq",61.52349854,-149.5747986,0,0,"No","No",NA,"",NA,NA,"No or did not report","","",NA,"","","","",NA,"Less than 100% of the time",NA,NA,NA,NA,NA,NA,NA,NA,"","",1,87500,NA,"personal"
"118","8/30/2018 15:59","8/30/2018 16:00",100,35,TRUE,"8/30/2018 16:00","R_2S6M3baK1eKzcrZ",59.40390015,-151.3238983,0,0,"No","Yes",NA,"",NA,NA,"No or did not report","","",NA,"","","","",NA,"Less than 100% of the time",NA,NA,NA,NA,NA,NA,NA,NA,"","",1,87500,NA,"personal"
"119","8/30/2018 15:43","8/30/2018 16:08",100,1467,TRUE,"8/30/2018 16:08","R_2R7ExKwtcGh1kBc",61.15939331,-149.8865051,0,0,"Yes","No","No","1",68,48,"No or did not report","","No",NA,"","","No","",71,"Less than 100% of the time",5,NA,5,NA,NA,5,5,5,"Reporting: keeping an eye out for invasive plants and animals after each boat trip and report sightings?(Note, convenient and user-friendly reporting tools are available, such as smart phone apps.)","gaveEmail",1,62500,"71-80","personal"
"120","8/30/2018 16:24","8/30/2018 16:37",100,795,TRUE,"8/30/2018 16:37","R_3nCuj9EWKkjXfbG",61.08070374,-149.7091064,0,0,"Yes","No","No","3",45,35,"No or did not report","","No",NA,"","","No","",56,"100% of the time",5,3,3,1,1,5,3,1,"Reporting: keeping an eye out for invasive plants and animals after each boat trip and report sightings?(Note, convenient and user-friendly reporting tools are available, such as smart phone apps.)","gaveEmail",1,87500,"51-60","personal"
"121","8/30/2018 16:45","8/30/2018 16:45",100,42,TRUE,"8/30/2018 16:45","R_3qWrSLgQcqichKB",47.60620117,-122.3320999,0,0,"No","Yes",NA,"",NA,NA,"No or did not report","","",NA,"","","","",NA,"Less than 100% of the time",NA,NA,NA,NA,NA,NA,NA,NA,"","",1,87500,NA,"personal"
"122","8/30/2018 15:57","8/30/2018 16:53",100,3324,TRUE,"8/30/2018 16:53","R_1LcEcB2pnuo2LDW",61.21809387,-149.9002991,0,0.2,"Yes","No",NA,"6",60,20,"No or did not report","","No",NA,"","","No","",45,"Less than 100% of the time",4,1,4,2,2,4,4,3,"Reporting: keeping an eye out for invasive plants and animals after each boat trip and report sightings?(Note, convenient and user-friendly reporting tools are available, such as smart phone apps.),Monitoring: a more involved protocol not only keeping an eye out for invasives but collecting water samples, etc.","gaveEmail",0.8,87500,"41-50","personal"
"123","8/30/2018 17:06","8/30/2018 17:07",100,50,TRUE,"8/30/2018 17:07","R_1gRvFGJBLp3lqMA",61.52349854,-149.5747986,0,0,"No","Yes",NA,"",NA,NA,"No or did not report","","",NA,"","","","",NA,"Less than 100% of the time",NA,NA,NA,NA,NA,NA,NA,NA,"","",1,87500,NA,"personal"
"124","8/30/2018 17:03","8/30/2018 17:10",100,382,TRUE,"8/30/2018 17:10","R_2agWGcU9T7CQfVK",60.79170227,-145.6119995,0.1,0,"Yes","Yes","Yes","1",10,5,"No or did not report","","No",NA,"","","No","",45,"100% of the time",4,3,3,3,2,3,4,3,"Reporting: keeping an eye out for invasive plants and animals after each boat trip and report sightings?(Note, convenient and user-friendly reporting tools are available, such as smart phone apps.)","",0.9,87500,"41-50","personal"
"125","8/30/2018 17:27","8/30/2018 17:29",100,82,TRUE,"8/30/2018 17:29","R_10DFjGbFPySYHMV",47.60620117,-122.3320999,0,0,"No","Yes",NA,"",NA,NA,"No or did not report","","",NA,"","","","",NA,"Less than 100% of the time",NA,NA,NA,NA,NA,NA,NA,NA,"","",1,87500,NA,"personal"
"126","8/30/2018 14:49","8/30/2018 18:45",100,14168,TRUE,"8/30/2018 18:45","R_1MLCg2lqbl9bLAF",61.40649414,-145.6669922,0,0,"No","Yes",NA,"",NA,NA,"No or did not report","","",NA,"","","","",NA,"Less than 100% of the time",NA,NA,NA,NA,NA,NA,NA,NA,"","",1,87500,NA,"personal"
"127","8/30/2018 18:36","8/30/2018 19:03",100,1649,TRUE,"8/30/2018 19:03","R_2bW5CyVuK6XHkPX",59.40390015,-151.3238983,0.5,0,"Yes","Yes","No","2",7,3,"No or did not report","","No",NA,"","","No","",57,"100% of the time",5,4,5,4,4,5,5,5,"Reporting: keeping an eye out for invasive plants and animals after each boat trip and report sightings?(Note, convenient and user-friendly reporting tools are available, such as smart phone apps.),Monitoring: a more involved protocol not only keeping an eye out for invasives but collecting water samples, etc.","gaveEmail",0.5,137500,"51-60","government"
"128","8/30/2018 19:22","8/30/2018 19:28",100,371,TRUE,"8/30/2018 19:28","R_2DMpL7l5nFEElvG",61.19050598,-149.9420013,0,0,"No","Yes",NA,"",NA,NA,"No or did not report","","",NA,"","","","",NA,"Less than 100% of the time",NA,NA,NA,NA,NA,NA,NA,NA,"","",1,87500,NA,"personal"
"129","8/30/2018 19:37","8/30/2018 19:38",100,52,TRUE,"8/30/2018 19:38","R_2z7szfgL5YClvB7",61.11199951,-149.9044037,0,0,"No","Yes",NA,"",NA,NA,"No or did not report","","",NA,"","","","",NA,"Less than 100% of the time",NA,NA,NA,NA,NA,NA,NA,NA,"","",1,87500,NA,"personal"
"130","8/30/2018 21:20","8/30/2018 21:29",100,552,TRUE,"8/30/2018 21:29","R_2iq3eAijeQKZrHj",61.52349854,-149.5747986,0,0,"Yes","No","No","2",NA,NA,"No or did not report","","No",NA,"","","No","",65,"Less than 100% of the time",5,NA,5,NA,NA,5,5,NA,"Reporting: keeping an eye out for invasive plants and animals after each boat trip and report sightings?(Note, convenient and user-friendly reporting tools are available, such as smart phone apps.),Monitoring: a more involved protocol not only keeping an eye out for invasives but collecting water samples, etc.","gaveEmail",1,87500,"61-70","personal"
"131","8/31/2018 3:49","8/31/2018 3:50",100,61,TRUE,"8/31/2018 3:50","R_WvwaNUdVZ3RfcFb",58.58129883,-134.7698059,0,0,"No","Yes",NA,"",NA,NA,"No or did not report","","",NA,"","","","",NA,"Less than 100% of the time",NA,NA,NA,NA,NA,NA,NA,NA,"","",1,87500,NA,"personal"
"132","8/31/2018 6:27","8/31/2018 6:28",100,75,TRUE,"8/31/2018 6:28","R_1Qa7QGBOSjCm8Vu",47.58389282,-122.2994995,0,0.1,"No","No",NA,"",NA,NA,"No or did not report","","",NA,"","","","",NA,"Less than 100% of the time",NA,NA,NA,NA,NA,NA,NA,NA,"","",0.9,87500,NA,"personal"
"133","8/31/2018 7:27","8/31/2018 7:28",100,42,TRUE,"8/31/2018 7:28","R_2bJHn0KLhtzwvKd",44.45239258,-73.18409729,0,0,"No","Yes",NA,"",NA,NA,"No or did not report","","",NA,"","","","",NA,"Less than 100% of the time",NA,NA,NA,NA,NA,NA,NA,NA,"","",1,87500,NA,"personal"
"134","8/31/2018 7:34","8/31/2018 7:43",100,507,TRUE,"8/31/2018 7:43","R_T7PK0afS8teiS7D",37.75100708,-97.8219986,0,0,"Yes","Yes","No","2",5,5,"No or did not report","","No",NA,"","","No","",67,"Less than 100% of the time",1,1,3,1,1,3,5,2,"","gaveEmail",1,62500,"61-70","personal"
"135","8/31/2018 7:43","8/31/2018 7:54",100,626,TRUE,"8/31/2018 7:54","R_2foGjk82BkjslSh",61.41369629,-149.1710968,0,0.1,"Yes","Yes","No","4",10,10,"No or did not report","","No",NA,"","","No","",52,"100% of the time",5,1,5,1,1,3,5,1,"","",0.9,112500,"51-60","personal"
"136","8/31/2018 7:42","8/31/2018 7:55",100,752,TRUE,"8/31/2018 7:55","R_3L6ky9gqxoBDdoB",61.08070374,-149.7091064,0,0,"Yes","No","No","2",30,30,"No or did not report","","No",NA,"","","No","",NA,"Less than 100% of the time",5,NA,5,NA,5,NA,5,NA,"","",1,87500,NA,"personal"
"137","8/31/2018 8:53","8/31/2018 8:54",100,72,TRUE,"8/31/2018 8:54","R_1JLUN8fVSH7b7zP",61.16369629,-149.9916992,0,0,"No","No",NA,"",NA,NA,"No or did not report","","",NA,"","","","",NA,"Less than 100% of the time",NA,NA,NA,NA,NA,NA,NA,NA,"","",1,87500,NA,"personal"
"138","8/31/2018 8:53","8/31/2018 9:04",100,668,TRUE,"8/31/2018 9:04","R_RkvNVFcCg9KjaFz",67.24380493,-161.1974945,0,0,"Yes","Yes","No","2",90,15,"No or did not report","","Yes",2016,"","Washington","No","",40,"100% of the time",5,3,3,5,1,5,5,5,"Reporting: keeping an eye out for invasive plants and animals after each boat trip and report sightings?(Note, convenient and user-friendly reporting tools are available, such as smart phone apps.),Monitoring: a more involved protocol not only keeping an eye out for invasives but collecting water samples, etc.,Outreach: connecting other boat operators and organizations,Decontamination: conducting training and workshops,Decontamination: developing best practices guide","gaveEmail",1,175000,"31-40","personal"
"139","8/31/2018 9:04","8/31/2018 9:10",100,337,TRUE,"8/31/2018 9:10","R_3Jf4xsielaO5SKW",61.2059021,-149.8231964,0,0,"Yes","No","No","3",5,5,"No or did not report","","No",NA,"","","No","",42,"Less than 100% of the time",5,1,4,3,3,5,4,3,"Reporting: keeping an eye out for invasive plants and animals after each boat trip and report sightings?(Note, convenient and user-friendly reporting tools are available, such as smart phone apps.)","gaveEmail",1,137500,"41-50","personal"
"140","8/31/2018 9:14","8/31/2018 9:15",100,32,TRUE,"8/31/2018 9:15","R_31Ay1U2SpeGDshj",43.79220581,-116.3878021,0,0,"No","No",NA,"",NA,NA,"No or did not report","","",NA,"","","","",NA,"Less than 100% of the time",NA,NA,NA,NA,NA,NA,NA,NA,"","",1,87500,NA,"personal"
"141","8/31/2018 9:37","8/31/2018 9:43",100,343,TRUE,"8/31/2018 9:43","R_1PcJn2r66Sc0SUd",61.22309875,-149.8527985,0,0,"Yes","No","No","43134",15,5,"No or did not report","","No",NA,"","","No","",40,"100% of the time",5,3,5,3,4,2,5,3,"","gaveEmail",1,87500,"31-40","personal"
"142","8/31/2018 9:40","8/31/2018 9:43",100,215,TRUE,"8/31/2018 9:43","R_1NqAHmn8krBWXNQ",55.61529541,-131.5848083,0,0,"Yes","Yes","No","2",150,50,"No or did not report","","No",NA,"","","No","",46,"Less than 100% of the time",5,1,1,3,1,4,2,5,"Reporting: keeping an eye out for invasive plants and animals after each boat trip and report sightings?(Note, convenient and user-friendly reporting tools are available, such as smart phone apps.)","gaveEmail",1,175000,"41-50","personal"
"143","8/31/2018 9:34","8/31/2018 9:43",100,549,TRUE,"8/31/2018 9:43","R_2txRJrZcDWfjrw1",61.19050598,-149.9420013,0,0,"Yes","No","No","2",10,8,"No or did not report","","No",NA,"","","No","",64,"100% of the time",4,2,5,3,5,2,3,2,"","gaveEmail",1,87500,"61-70","personal"
"144","8/31/2018 9:32","8/31/2018 9:50",100,1105,TRUE,"8/31/2018 9:50","R_1hAKccFGtMIuI6s",32.8500061,-96.96130371,0,0,"Yes","No","No","4",NA,NA,"No or did not report","","No",NA,"","","No","",67,"100% of the time",5,5,5,2,2,3,5,3,"","gaveEmail",1,62500,"61-70","personal"
"145","8/31/2018 9:44","8/31/2018 9:55",100,646,TRUE,"8/31/2018 9:55","R_1OAKiCF9LMdHBgr",36.16589355,-86.78440094,0,0,"Yes","No","No","4",8,8,"No or did not report","","No",NA,"","","No","",42,"100% of the time",4,1,5,3,4,3,3,1,"","gaveEmail",1,112500,"41-50","personal"
"146","8/31/2018 10:04","8/31/2018 10:05",100,90,TRUE,"8/31/2018 10:05","R_snUPbfOZiQIE3uh",61.52349854,-149.5747986,0,0,"","",NA,"",NA,NA,"No or did not report","","",NA,"","","","",NA,"Less than 100% of the time",NA,NA,NA,NA,NA,NA,NA,NA,"","",1,87500,NA,"personal"
"147","8/31/2018 10:15","8/31/2018 10:16",100,75,TRUE,"8/31/2018 10:16","R_1i8sdrpxhuSk4t6",55.61529541,-131.5848083,0,0,"No","Yes",NA,"",NA,NA,"No or did not report","","",NA,"","","","",NA,"Less than 100% of the time",NA,NA,NA,NA,NA,NA,NA,NA,"","",1,87500,NA,"personal"
"148","8/31/2018 10:54","8/31/2018 10:55",100,27,TRUE,"8/31/2018 10:55","R_2SDJ1OElfgLE7BI",61.145401,-149.7664032,0,0,"No","Yes",NA,"",NA,NA,"No or did not report","","",NA,"","","","",NA,"Less than 100% of the time",NA,NA,NA,NA,NA,NA,NA,NA,"","",1,87500,NA,"personal"
"149","8/31/2018 11:41","8/31/2018 11:42",100,52,TRUE,"8/31/2018 11:42","R_3C6eqIi31ImKVyh",55.46220398,-132.8392029,0.1,0,"No","Yes",NA,"",NA,NA,"No or did not report","","",NA,"","","","",NA,"Less than 100% of the time",NA,NA,NA,NA,NA,NA,NA,NA,"","",0.9,87500,NA,"personal"
"150","8/31/2018 12:08","8/31/2018 12:09",100,63,TRUE,"8/31/2018 12:09","R_3DjQjFWLOQkZfVQ",58.58129883,-134.7698059,0,0,"No","Yes",NA,"",NA,NA,"No or did not report","","",NA,"","","","",NA,"Less than 100% of the time",NA,NA,NA,NA,NA,NA,NA,NA,"","",1,87500,NA,"personal"
"151","8/31/2018 12:15","8/31/2018 12:19",100,278,TRUE,"8/31/2018 12:19","R_erDpUefkhWYKhfH",61.18859863,-149.8878021,0,0,"Yes","Yes","No","3",NA,NA,"No or did not report","","No",NA,"","","No","",41,"100% of the time",5,1,3,3,5,5,4,1,"","gaveEmail",1,112500,"41-50","personal"
"152","8/31/2018 13:04","8/31/2018 13:06",100,111,TRUE,"8/31/2018 13:06","R_2399iaM6HyKPOFI",43.63200378,-116.2837982,0,0,"No","Yes",NA,"",NA,NA,"No or did not report","","",NA,"","","","",NA,"Less than 100% of the time",NA,NA,NA,NA,NA,NA,NA,NA,"","",1,87500,NA,"personal"
"153","8/31/2018 13:19","8/31/2018 13:20",100,56,TRUE,"8/31/2018 13:20","R_1gb9VtLHu6p4FuP",29.77020264,-95.3628006,0,0,"No","Yes",NA,"",NA,NA,"No or did not report","","",NA,"","","","",NA,"Less than 100% of the time",NA,NA,NA,NA,NA,NA,NA,NA,"","",1,87500,NA,"personal"
"154","8/31/2018 13:23","8/31/2018 13:24",100,39,TRUE,"8/31/2018 13:24","R_74mA1JA7jT4oQQp",57.15879822,-154.0800018,0,0,"No","Yes",NA,"",NA,NA,"No or did not report","","",NA,"","","","",NA,"Less than 100% of the time",NA,NA,NA,NA,NA,NA,NA,NA,"","",1,87500,NA,"personal"
"155","8/31/2018 12:48","8/31/2018 13:47",100,3547,TRUE,"8/31/2018 13:47","R_1mt093QM0FnVVGH",61.52349854,-149.5747986,0,0,"Yes","No","No","4",8,6,"No or did not report","","No",NA,"","","No","",34,"100% of the time",5,3,3,3,1,5,3,1,"","",1,87500,"31-40","personal"
"156","8/31/2018 13:42","8/31/2018 13:51",100,502,TRUE,"8/31/2018 13:51","R_2ziQwrJ2dMxR4ea",61.11199951,-149.9044037,0,0,"Yes","No","No","4",10,5,"No or did not report","","No",NA,"","","No","",55,"100% of the time",4,NA,4,NA,NA,NA,4,NA,"","",1,87500,"51-60","personal"
"157","8/31/2018 13:42","8/31/2018 13:52",100,613,TRUE,"8/31/2018 13:52","R_1LGQu2hG3SvtQIy",61.145401,-149.7664032,0,0,"Yes","No",NA,"2",10,30,"No or did not report","","Yes",2012,"New","Idaho","No","",47,"Less than 100% of the time",5,3,5,5,5,5,5,1,"Reporting: keeping an eye out for invasive plants and animals after each boat trip and report sightings?(Note, convenient and user-friendly reporting tools are available, such as smart phone apps.)","gaveEmail",1,112500,"41-50","personal"
"158","8/31/2018 13:52","8/31/2018 13:53",100,44,TRUE,"8/31/2018 13:53","R_exouhlIGFsa9w7n",58.58129883,-134.7698059,0,0,"No","Yes",NA,"",NA,NA,"No or did not report","","",NA,"","","","",NA,"Less than 100% of the time",NA,NA,NA,NA,NA,NA,NA,NA,"","",1,87500,NA,"personal"
"159","8/31/2018 14:03","8/31/2018 14:03",100,44,TRUE,"8/31/2018 14:03","R_PA0g2tcKbdj6Pip",47.60620117,-122.3320999,0,0,"No","Yes",NA,"",NA,NA,"No or did not report","","",NA,"","","","",NA,"Less than 100% of the time",NA,NA,NA,NA,NA,NA,NA,NA,"","",1,87500,NA,"personal"
"160","8/31/2018 14:02","8/31/2018 14:19",100,1044,TRUE,"8/31/2018 14:19","R_1HqJHBe0NjwS0Yj",61.21490479,-149.2583008,0,0,"Yes","No","No","3",40,8,"No or did not report","","No",NA,"","","No","",68,"Less than 100% of the time",5,2,3,4,4,3,3,1,"Monitoring: a more involved protocol not only keeping an eye out for invasives but collecting water samples, etc.","gaveEmail",1,225000,"61-70","personal"
"161","8/31/2018 14:25","8/31/2018 14:35",100,612,TRUE,"8/31/2018 14:35","R_a45FlRXdA74aFln",61.5809021,-149.4414978,0,0,"Yes","Yes","No","3",20,20,"No or did not report","","No",NA,"","","No","",47,"Less than 100% of the time",5,2,3,3,2,4,3,2,"","",1,87500,"41-50","personal"
"162","8/31/2018 14:45","8/31/2018 14:53",100,456,TRUE,"8/31/2018 14:53","R_b8ZXCYzrMdpQglX",61.18859863,-149.8878021,0,0,"Yes","","No","2",40,40,"No or did not report","","No",NA,"","","No","",35,"Less than 100% of the time",NA,NA,NA,NA,NA,5,NA,NA,"Monitoring: a more involved protocol not only keeping an eye out for invasives but collecting water samples, etc.","gaveEmail",1,62500,"31-40","personal"
"163","8/31/2018 14:50","8/31/2018 15:05",100,916,TRUE,"8/31/2018 15:05","R_em1bttxMLbUdgDT",61.21490479,-149.2583008,0,0,"Yes","No",NA,"2",NA,NA,"No or did not report","","No",NA,"","","No","",73,"100% of the time",5,1,1,1,4,1,3,1,"","",1,137500,"71-80","personal"
"164","8/31/2018 15:05","8/31/2018 15:06",100,72,TRUE,"8/31/2018 15:06","R_2qkJ1QkUhOCfYbo",47.60620117,-122.3320999,0.3,0,"No","Yes",NA,"",NA,NA,"No or did not report","","",NA,"","","","",NA,"Less than 100% of the time",NA,NA,NA,NA,NA,NA,NA,NA,"","",0.7,87500,NA,"personal"
"165","8/31/2018 15:36","8/31/2018 15:37",100,59,TRUE,"8/31/2018 15:37","R_21HerbcEUsMQZDH",58.58129883,-134.7698059,0,0,"No","Yes",NA,"",NA,NA,"No or did not report","","",NA,"","","","",NA,"Less than 100% of the time",NA,NA,NA,NA,NA,NA,NA,NA,"","",1,87500,NA,"personal"
"166","8/31/2018 16:07","8/31/2018 16:07",100,11,TRUE,"8/31/2018 16:07","R_2zAqvd4aSb3Q8CX",61.2059021,-149.8231964,0,0,"No","Yes",NA,"",NA,NA,"No or did not report","","",NA,"","","","",NA,"Less than 100% of the time",NA,NA,NA,NA,NA,NA,NA,NA,"","",1,87500,NA,"personal"
"167","8/31/2018 16:29","8/31/2018 16:29",100,12,TRUE,"8/31/2018 16:29","R_12yXRONtbWFT3Ba",61.2059021,-149.8231964,0,0,"No","No",NA,"",NA,NA,"No or did not report","","",NA,"","","","",NA,"Less than 100% of the time",NA,NA,NA,NA,NA,NA,NA,NA,"","",1,87500,NA,"personal"
"168","8/31/2018 17:08","8/31/2018 17:09",100,41,TRUE,"8/31/2018 17:09","R_1ewwzskgI1xPlpG",58.58129883,-134.7698059,0,0,"No","No",NA,"",NA,NA,"No or did not report","","",NA,"","","","",NA,"Less than 100% of the time",NA,NA,NA,NA,NA,NA,NA,NA,"","",1,87500,NA,"personal"
"169","8/31/2018 17:28","8/31/2018 17:28",100,52,TRUE,"8/31/2018 17:28","R_1ly0CqwMgrYlJek",58.08650208,-135.4353943,0,0,"No","Yes",NA,"",NA,NA,"No or did not report","","",NA,"","","","",NA,"Less than 100% of the time",NA,NA,NA,NA,NA,NA,NA,NA,"","",1,87500,NA,"personal"
"170","8/31/2018 17:34","8/31/2018 17:54",100,1176,TRUE,"8/31/2018 17:54","R_XZXKNph4ZeOg40N",64.77830505,-147.3370972,0,0,"Yes","No","Yes","1",10,5,"No or did not report","","No",NA,"","","No","",NA,"Less than 100% of the time",5,4,3,1,1,4,5,1,"Reporting: keeping an eye out for invasive plants and animals after each boat trip and report sightings?(Note, convenient and user-friendly reporting tools are available, such as smart phone apps.),Monitoring: a more involved protocol not only keeping an eye out for invasives but collecting water samples, etc.","gaveEmail",1,62500,NA,"personal"
"171","8/31/2018 18:46","8/31/2018 18:59",100,807,TRUE,"8/31/2018 18:59","R_1pFkZWX0KaQO28l",61.18859863,-149.8878021,0.9,0,"Yes","No","No","3",5,2,"No or did not report","","Yes",1986,"New","Oregon","No","",68,"Less than 100% of the time",5,5,4,3,1,5,5,5,"","gaveEmail",0.1,12500,"61-70","commercial"
"172","8/31/2018 19:25","8/31/2018 19:26",100,54,TRUE,"8/31/2018 19:26","R_1BQOctrCFKmMTfU",57.15879822,-154.0800018,0,0,"No","Yes",NA,"",NA,NA,"No or did not report","","",NA,"","","","",NA,"Less than 100% of the time",NA,NA,NA,NA,NA,NA,NA,NA,"","",1,87500,NA,"personal"
"173","8/31/2018 19:31","8/31/2018 19:33",100,78,TRUE,"8/31/2018 19:33","R_8A1OYFxxEWd8xNL",47.60620117,-122.3320999,0,0,"No","No",NA,"",NA,NA,"No or did not report","","",NA,"","","","",NA,"Less than 100% of the time",NA,NA,NA,NA,NA,NA,NA,NA,"","",1,87500,NA,"personal"
"174","8/31/2018 19:34","8/31/2018 19:36",100,123,TRUE,"8/31/2018 19:36","R_2dgPwcnkIGyo8P0",59.40390015,-151.3238983,0,0,"No","No",NA,"",NA,NA,"No or did not report","","",NA,"","","","",NA,"Less than 100% of the time",NA,NA,NA,NA,NA,NA,NA,NA,"","",1,87500,NA,"personal"
"175","8/31/2018 20:16","8/31/2018 20:18",100,114,TRUE,"8/31/2018 20:18","R_1o6njwij0ySZd5t",47.61540222,-122.2102966,0,0,"No","Yes",NA,"",NA,NA,"No or did not report","","",NA,"","","","",NA,"Less than 100% of the time",NA,NA,NA,NA,NA,NA,NA,NA,"","",1,87500,NA,"personal"
"176","8/31/2018 20:20","8/31/2018 20:35",100,893,TRUE,"8/31/2018 20:35","R_1QlOJHHXugNtyHk",60.66059875,-150.9060059,0,0,"Yes","No","No","2",10,5,"No or did not report","","No",NA,"","","No","",66,"100% of the time",5,3,4,5,3,5,3,5,"Reporting: keeping an eye out for invasive plants and animals after each boat trip and report sightings?(Note, convenient and user-friendly reporting tools are available, such as smart phone apps.)","gaveEmail",1,112500,"61-70","personal"
"177","8/31/2018 20:59","8/31/2018 21:10",100,630,TRUE,"8/31/2018 21:10","R_SW2XUuUnw5cvwhr",47.39089966,-122.2637024,0,0,"Yes","No","No","4",NA,NA,"No or did not report","","Yes",2005,"New","Washington","No","",76,"Less than 100% of the time",NA,NA,NA,NA,NA,NA,NA,NA,"","",1,87500,"71-80","personal"
"178","8/31/2018 23:06","8/31/2018 23:08",100,145,TRUE,"8/31/2018 23:08","R_2eXXz4UHkxnFYUm",61.21809387,-149.9002991,0,0,"No","Yes",NA,"",NA,NA,"No or did not report","","",NA,"","","","",NA,"Less than 100% of the time",NA,NA,NA,NA,NA,NA,NA,NA,"","",1,87500,NA,"personal"
"179","9/1/2018 0:08","9/1/2018 0:41",100,1990,TRUE,"9/1/2018 0:41","R_3qPQim88fbtNBsP",64.90060425,-148.1613007,0,0,"Yes","No","Yes","5",NA,NA,"No or did not report","","No",NA,"","","No","",36,"100% of the time",5,1,5,1,1,5,5,1,"","gaveEmail",1,112500,"31-40","personal"
"180","9/1/2018 5:38","9/1/2018 5:49",100,648,TRUE,"9/1/2018 5:49","R_4Z5dw7IvlwWwD5L",61.16369629,-149.9916992,0,0,"Yes","No","No","3",5,2,"No or did not report","","No",NA,"","","No","",66,"Less than 100% of the time",5,1,3,1,1,1,1,1,"","",1,87500,"61-70","personal"
"181","9/1/2018 7:27","9/1/2018 7:28",100,60,TRUE,"9/1/2018 7:28","R_2PwbndPQeS8eWgz",47.60620117,-122.3320999,0,0,"No","Yes",NA,"",NA,NA,"No or did not report","","",NA,"","","","",NA,"Less than 100% of the time",NA,NA,NA,NA,NA,NA,NA,NA,"","",1,87500,NA,"personal"
"182","9/1/2018 7:27","9/1/2018 7:29",100,65,TRUE,"9/1/2018 7:29","R_2Xb4y73H2Rho0oP",47.60620117,-122.3320999,0,0,"No","Yes",NA,"",NA,NA,"No or did not report","","",NA,"","","","",NA,"Less than 100% of the time",NA,NA,NA,NA,NA,NA,NA,NA,"","",1,87500,NA,"personal"
"183","8/31/2018 16:23","9/1/2018 7:50",100,55648,TRUE,"9/1/2018 7:50","R_21gOTDO2zsZo19o",64.77830505,-147.3370972,0,0,"Yes","No","No","3",3,3,"No or did not report","","No",NA,"","","No","",77,"100% of the time",5,1,4,4,4,5,5,4,"Reporting: keeping an eye out for invasive plants and animals after each boat trip and report sightings?(Note, convenient and user-friendly reporting tools are available, such as smart phone apps.)","gaveEmail",1,62500,"71-80","personal"
"184","9/1/2018 8:04","9/1/2018 8:06",100,105,TRUE,"9/1/2018 8:06","R_3h5aVTXFRQSUa1H",60.28340149,-151.2666931,0,0,"No","Yes",NA,"",NA,NA,"No or did not report","","",NA,"","","","",NA,"Less than 100% of the time",NA,NA,NA,NA,NA,NA,NA,NA,"","",1,87500,NA,"personal"
"185","9/1/2018 8:12","9/1/2018 8:12",100,35,TRUE,"9/1/2018 8:12","R_3dGoAqpZK1z1HIl",61.17770386,-149.6383972,0,0,"No","Yes",NA,"",NA,NA,"No or did not report","","",NA,"","","","",NA,"Less than 100% of the time",NA,NA,NA,NA,NA,NA,NA,NA,"","",1,87500,NA,"personal"
"186","9/1/2018 8:52","9/1/2018 9:10",100,1064,TRUE,"9/1/2018 9:10","R_3oXvTSZKL5jpkxD",43.71629333,-123.0373993,0,0,"Yes","No","No","3",8,8,"No or did not report","","No",NA,"","","No","",66,"100% of the time",5,4,5,2,2,5,3,3,"","gaveEmail",1,62500,"61-70","personal"
"187","9/1/2018 9:39","9/1/2018 9:40",100,60,TRUE,"9/1/2018 9:40","R_1gisYCUKg06hETq",61.17770386,-149.6383972,0,0,"No","Yes",NA,"",NA,NA,"No or did not report","","",NA,"","","","",NA,"Less than 100% of the time",NA,NA,NA,NA,NA,NA,NA,NA,"","",1,87500,NA,"personal"
"188","9/1/2018 9:45","9/1/2018 9:46",100,46,TRUE,"9/1/2018 9:46","R_2rBI1OkcWD66kid",71.28500366,-156.7819061,0,0,"No","No",NA,"",NA,NA,"No or did not report","","",NA,"","","","",NA,"Less than 100% of the time",NA,NA,NA,NA,NA,NA,NA,NA,"","",1,87500,NA,"personal"
"189","9/1/2018 10:09","9/1/2018 10:10",100,38,TRUE,"9/1/2018 10:10","R_3kjF1HbHjdV0bAz",47.60620117,-122.3320999,0,0,"No","Yes",NA,"",NA,NA,"No or did not report","","",NA,"","","","",NA,"Less than 100% of the time",NA,NA,NA,NA,NA,NA,NA,NA,"","",1,87500,NA,"personal"
"190","9/1/2018 10:27","9/1/2018 10:29",100,105,TRUE,"9/1/2018 10:29","R_1GIALN8GmFvQXjy",61.145401,-149.7664032,0,0,"No","Yes",NA,"",NA,NA,"No or did not report","","",NA,"","","","",NA,"Less than 100% of the time",NA,NA,NA,NA,NA,NA,NA,NA,"","",1,87500,NA,"personal"
"191","9/1/2018 10:46","9/1/2018 10:47",100,43,TRUE,"9/1/2018 10:47","R_74aVQ2K0CpTo1u9",57.0585022,-132.627594,0,0,"No","Yes",NA,"",NA,NA,"No or did not report","","",NA,"","","","",NA,"Less than 100% of the time",NA,NA,NA,NA,NA,NA,NA,NA,"","",1,87500,NA,"personal"
"192","9/1/2018 11:02","9/1/2018 11:04",100,84,TRUE,"9/1/2018 11:04","R_3hyBaOzrXLhvQMd",37.75100708,-97.8219986,0,0,"No","Yes",NA,"",NA,NA,"No or did not report","","",NA,"","","","",NA,"Less than 100% of the time",NA,NA,NA,NA,NA,NA,NA,NA,"","",1,87500,NA,"personal"
"193","9/1/2018 11:16","9/1/2018 11:17",100,58,TRUE,"9/1/2018 11:17","R_2xx88DpA56L2MBx",61.08070374,-149.7091064,0,0,"No","Yes",NA,"",NA,NA,"No or did not report","","",NA,"","","","",NA,"Less than 100% of the time",NA,NA,NA,NA,NA,NA,NA,NA,"","",1,87500,NA,"personal"
"194","9/1/2018 11:21","9/1/2018 11:40",100,1168,TRUE,"9/1/2018 11:40","R_24pZt4ftX6FgTcc",61.2059021,-149.8231964,0,0,"Yes","Yes","No","6",90,35,"No or did not report","","No",NA,"","","No","",36,"100% of the time",5,4,4,4,4,5,5,4,"","",1,87500,"31-40","personal"
"195","9/1/2018 12:01","9/1/2018 12:11",100,617,TRUE,"9/1/2018 12:11","R_1FhWYch30ytN3zF",37.95359802,-122.0780029,0,0,"Yes","","No","2",NA,NA,"No or did not report","","No",NA,"","","No","",62,"100% of the time",NA,NA,NA,NA,NA,NA,NA,NA,"","gaveEmail",1,87500,"61-70","personal"
"196","9/1/2018 13:03","9/1/2018 13:15",100,743,TRUE,"9/1/2018 13:15","R_3KveG60MSqMsL2P",61.5809021,-149.4414978,0,0,"Yes","No","No","2",5,1,"No or did not report","","No",NA,"","","No","",NA,"Less than 100% of the time",4,5,3,NA,NA,NA,NA,NA,"","gaveEmail",1,87500,NA,"personal"
"197","9/1/2018 13:48","9/1/2018 13:49",100,56,TRUE,"9/1/2018 13:49","R_2xYtayxFYPcdL1n",64.83779907,-147.7164001,0,0,"No","No",NA,"",NA,NA,"No or did not report","","",NA,"","","","",NA,"Less than 100% of the time",NA,NA,NA,NA,NA,NA,NA,NA,"","",1,87500,NA,"personal"
"198","9/1/2018 14:34","9/1/2018 14:35",100,62,TRUE,"9/1/2018 14:35","R_2uX92SbRkxifQRK",61.2059021,-149.8231964,0,0,"No","No",NA,"",NA,NA,"No or did not report","","",NA,"","","","",NA,"Less than 100% of the time",NA,NA,NA,NA,NA,NA,NA,NA,"","",1,87500,NA,"personal"
"199","9/1/2018 14:43","9/1/2018 14:43",100,31,TRUE,"9/1/2018 14:43","R_2DYzugn5BApLwGq",58.58129883,-134.7698059,0,0,"No","Yes",NA,"",NA,NA,"No or did not report","","",NA,"","","","",NA,"Less than 100% of the time",NA,NA,NA,NA,NA,NA,NA,NA,"","",1,87500,NA,"personal"
"200","9/1/2018 15:38","9/1/2018 15:39",100,62,TRUE,"9/1/2018 15:39","R_8wD24Ef5Xq8Lqc9",55.61529541,-131.5848083,0,0,"No","Yes",NA,"",NA,NA,"No or did not report","","",NA,"","","","",NA,"Less than 100% of the time",NA,NA,NA,NA,NA,NA,NA,NA,"","",1,87500,NA,"personal"
"201","9/1/2018 15:42","9/1/2018 15:43",100,63,TRUE,"9/1/2018 15:43","R_1CItv2CCw1pg26C",60.0552063,-149.3365021,0,0.1,"No","Yes",NA,"",NA,NA,"No or did not report","","",NA,"","","","",NA,"Less than 100% of the time",NA,NA,NA,NA,NA,NA,NA,NA,"","",0.9,87500,NA,"personal"
"202","9/1/2018 15:40","9/1/2018 16:07",100,1601,TRUE,"9/1/2018 16:07","R_11ZU5uasufdNiVV",45.22470093,-121.2685013,0,0,"Yes","Yes","No","2",5,5,"No or did not report","","Yes",1998,"","Oregon","No","",NA,"100% of the time",5,NA,5,NA,5,5,5,NA,"","gaveEmail",1,62500,NA,"personal"
"203","9/1/2018 16:27","9/1/2018 16:28",100,66,TRUE,"9/1/2018 16:28","R_3RjUddnOR9Vg5ZR",37.75100708,-97.8219986,0.3,0,"No","Yes",NA,"",NA,NA,"No or did not report","","",NA,"","","","",NA,"Less than 100% of the time",NA,NA,NA,NA,NA,NA,NA,NA,"","",0.7,87500,NA,"personal"
"204","9/1/2018 16:33","9/1/2018 16:34",100,76,TRUE,"9/1/2018 16:34","R_3OeLG3pwCSEJ5rs",47.60620117,-122.3320999,0,0,"No","Yes",NA,"",NA,NA,"No or did not report","","",NA,"","","","",NA,"Less than 100% of the time",NA,NA,NA,NA,NA,NA,NA,NA,"","",1,87500,NA,"personal"
"205","9/1/2018 17:00","9/1/2018 17:01",100,102,TRUE,"9/1/2018 17:01","R_reCFpxiS6Z1MN0J",47.28430176,-122.3890991,0,0,"No","Yes",NA,"",NA,NA,"No or did not report","","",NA,"","","","",NA,"Less than 100% of the time",NA,NA,NA,NA,NA,NA,NA,NA,"","",1,87500,NA,"personal"
"206","9/1/2018 18:02","9/1/2018 18:03",100,42,TRUE,"9/1/2018 18:03","R_bkZmp5N9iCEfIe5",56.73530579,-135.009201,0,0,"No","Yes",NA,"",NA,NA,"No or did not report","","",NA,"","","","",NA,"Less than 100% of the time",NA,NA,NA,NA,NA,NA,NA,NA,"","",1,87500,NA,"personal"
"207","9/1/2018 18:18","9/1/2018 19:12",100,3240,TRUE,"9/1/2018 19:13","R_3Do2uDwGvCbrmJN",47.60620117,-122.3320999,0,0,"Yes","No","Yes","",NA,NA,"No or did not report","","No",NA,"","","No","",65,"Less than 100% of the time",5,2,2,2,1,3,3,1,"Reporting: keeping an eye out for invasive plants and animals after each boat trip and report sightings?(Note, convenient and user-friendly reporting tools are available, such as smart phone apps.)","gaveEmail",1,62500,"61-70","personal"
"208","9/1/2018 19:35","9/1/2018 19:37",100,89,TRUE,"9/1/2018 19:37","R_2BbTl6GOdV1xXUD",58.58129883,-134.7698059,0,0,"No","Yes",NA,"",NA,NA,"No or did not report","","",NA,"","","","",NA,"Less than 100% of the time",NA,NA,NA,NA,NA,NA,NA,NA,"","",1,87500,NA,"personal"
"209","9/1/2018 21:30","9/1/2018 21:31",100,83,TRUE,"9/1/2018 21:31","R_zSvJMlIls7813dn",59.16090393,-135.868103,0,0,"No","Yes",NA,"",NA,NA,"No or did not report","","",NA,"","","","",NA,"Less than 100% of the time",NA,NA,NA,NA,NA,NA,NA,NA,"","",1,87500,NA,"personal"
"210","9/2/2018 2:10","9/2/2018 2:11",100,52,TRUE,"9/2/2018 2:11","R_6F2y9oCIJUtnbEJ",39.74049377,-86.16770172,0,0,"No","Yes",NA,"",NA,NA,"No or did not report","","",NA,"","","","",NA,"Less than 100% of the time",NA,NA,NA,NA,NA,NA,NA,NA,"","",1,87500,NA,"personal"
"211","9/2/2018 5:07","9/2/2018 5:18",100,643,TRUE,"9/2/2018 5:18","R_3qewfX2X99JfLGc",30.17460632,-97.95030212,0.2,0,"Yes","No","No","1",NA,NA,"No or did not report","","No",NA,"","","No","",46,"100% of the time",5,NA,NA,NA,NA,5,NA,NA,"Reporting: keeping an eye out for invasive plants and animals after each boat trip and report sightings?(Note, convenient and user-friendly reporting tools are available, such as smart phone apps.)","gaveEmail",0.8,87500,"41-50","personal"
"212","9/2/2018 8:00","9/2/2018 8:08",100,506,TRUE,"9/2/2018 8:08","R_scZB1RZSN8badPP",61.5809021,-149.4414978,0,0,"Yes","No","No","",NA,NA,"No or did not report","","No",NA,"","","No","",44,"100% of the time",5,1,5,1,1,5,5,1,"Reporting: keeping an eye out for invasive plants and animals after each boat trip and report sightings?(Note, convenient and user-friendly reporting tools are available, such as smart phone apps.)","gaveEmail",1,62500,"41-50","personal"
"213","9/2/2018 8:32","9/2/2018 8:44",100,722,TRUE,"9/2/2018 8:44","R_U9MpZisyFHR5H6V",57.0585022,-132.627594,0,0.1,"Yes","Yes","No","2",12,8,"No or did not report","","No",NA,"","","No","",39,"100% of the time",4,1,3,1,2,4,3,5,"","gaveEmail",0.9,87500,"31-40","personal"
"214","9/2/2018 9:00","9/2/2018 9:01",100,47,TRUE,"9/2/2018 9:01","R_2as2lTfSiXxgY5m",55.61529541,-131.5848083,0,0,"No","Yes",NA,"",NA,NA,"No or did not report","","",NA,"","","","",NA,"Less than 100% of the time",NA,NA,NA,NA,NA,NA,NA,NA,"","",1,87500,NA,"personal"
"215","9/2/2018 9:23","9/2/2018 9:24",100,35,TRUE,"9/2/2018 9:24","R_BS823eWODX09AYN",58.58129883,-134.7698059,0,0,"No","Yes",NA,"",NA,NA,"No or did not report","","",NA,"","","","",NA,"Less than 100% of the time",NA,NA,NA,NA,NA,NA,NA,NA,"","",1,87500,NA,"personal"
"216","9/2/2018 10:01","9/2/2018 10:02",100,80,TRUE,"9/2/2018 10:02","R_12KDWXgPx0NzDU8",58.42219543,-135.7812042,0,0,"No","Yes",NA,"",NA,NA,"No or did not report","","",NA,"","","","",NA,"Less than 100% of the time",NA,NA,NA,NA,NA,NA,NA,NA,"","",1,87500,NA,"personal"
"217","9/2/2018 10:21","9/2/2018 11:04",100,2615,TRUE,"9/2/2018 11:04","R_2tLkU9peDpc6DqD",36.61270142,-121.6194992,0,0,"Yes","No","No","3",30,24,"No or did not report","","Yes",1998,"New","Idaho","No","",60,"100% of the time",NA,NA,NA,NA,NA,5,NA,NA,"","",1,87500,"51-60","personal"
"218","9/2/2018 11:09","9/2/2018 11:10",100,36,TRUE,"9/2/2018 11:10","R_3MPukJVGGjTLPhb",64.93130493,-146.6123047,0,0,"No","No",NA,"",NA,NA,"No or did not report","","",NA,"","","","",NA,"Less than 100% of the time",NA,NA,NA,NA,NA,NA,NA,NA,"","",1,87500,NA,"personal"
"219","9/2/2018 11:09","9/2/2018 11:17",100,509,TRUE,"9/2/2018 11:17","R_2YLm2EcZ7QEqfB8",45.54789734,-122.5014954,0,0,"Yes","No","No","3",100,30,"No or did not report","","No",NA,"","","No","",44,"100% of the time",5,2,4,5,4,5,5,1,"Reporting: keeping an eye out for invasive plants and animals after each boat trip and report sightings?(Note, convenient and user-friendly reporting tools are available, such as smart phone apps.)","gaveEmail",1,87500,"41-50","personal"
"220","9/2/2018 11:25","9/2/2018 11:25",100,46,TRUE,"9/2/2018 11:25","R_2PpsrfO97BuWarM",58.58129883,-134.7698059,0,0,"No","Yes",NA,"",NA,NA,"No or did not report","","",NA,"","","","",NA,"Less than 100% of the time",NA,NA,NA,NA,NA,NA,NA,NA,"","",1,87500,NA,"personal"
"221","9/2/2018 12:20","9/2/2018 12:21",100,48,TRUE,"9/2/2018 12:21","R_3h60q2ClTsIHjss",57.0585022,-132.627594,0,0,"No","Yes",NA,"",NA,NA,"No or did not report","","",NA,"","","","",NA,"Less than 100% of the time",NA,NA,NA,NA,NA,NA,NA,NA,"","",1,87500,NA,"personal"
"222","9/2/2018 12:32","9/2/2018 12:33",100,53,TRUE,"9/2/2018 12:33","R_1n3zbKB0sRMx4Ae",39.74049377,-86.16770172,0,0,"No","Yes",NA,"",NA,NA,"No or did not report","","",NA,"","","","",NA,"Less than 100% of the time",NA,NA,NA,NA,NA,NA,NA,NA,"","",1,87500,NA,"personal"
"223","9/2/2018 13:40","9/2/2018 13:41",100,50,TRUE,"9/2/2018 13:41","R_1pm0cff2KBvE2XQ",59.40390015,-151.3238983,0,0,"No","Yes",NA,"",NA,NA,"No or did not report","","",NA,"","","","",NA,"Less than 100% of the time",NA,NA,NA,NA,NA,NA,NA,NA,"","",1,87500,NA,"personal"
"224","9/2/2018 14:33","9/2/2018 14:46",100,776,TRUE,"9/2/2018 14:46","R_1Ldo6LoagpfcTgb",64.90060425,-148.1613007,0,0,"Yes","Yes","No","1",20,3,"No or did not report","","No",NA,"","","Yes","",62,"100% of the time",5,1,4,1,1,4,4,1,"Monitoring: a more involved protocol not only keeping an eye out for invasives but collecting water samples, etc.","gaveEmail",1,87500,"61-70","personal"
"225","9/2/2018 14:46","9/2/2018 14:47",100,54,TRUE,"9/2/2018 14:47","R_ZIiWoCf0AlYqCPv",48.36360168,-121.9803009,0,0,"No","Yes",NA,"",NA,NA,"No or did not report","","",NA,"","","","",NA,"Less than 100% of the time",NA,NA,NA,NA,NA,NA,NA,NA,"","",1,87500,NA,"personal"
"226","9/2/2018 15:06","9/2/2018 15:06",100,35,TRUE,"9/2/2018 15:06","R_1kSOwAKh0RO3IH3",61.18859863,-149.8878021,0,0,"No","No",NA,"",NA,NA,"No or did not report","","",NA,"","","","",NA,"Less than 100% of the time",NA,NA,NA,NA,NA,NA,NA,NA,"","",1,87500,NA,"personal"
"227","9/2/2018 17:23","9/2/2018 17:25",100,164,TRUE,"9/2/2018 17:25","R_p4ppQ9ry7ofizId",58.58129883,-134.7698059,0,0,"No","Yes",NA,"",NA,NA,"No or did not report","","",NA,"","","","",NA,"Less than 100% of the time",NA,NA,NA,NA,NA,NA,NA,NA,"","",1,87500,NA,"personal"
"228","9/2/2018 18:12","9/2/2018 18:50",100,2241,TRUE,"9/2/2018 18:50","R_25L9qrGIJIpN7wM",55.61529541,-131.5848083,0,0,"Yes","Yes","No","2",20,10,"No or did not report","","No",NA,"","","No","",53,"100% of the time",5,1,3,5,3,3,1,1,"","gaveEmail",1,112500,"51-60","personal"
"229","9/2/2018 19:00","9/2/2018 19:02",100,128,TRUE,"9/2/2018 19:02","R_2aW5A57PtGc01LS",47.54069519,-122.2711945,0.7,0,"No","Yes",NA,"",NA,NA,"No or did not report","","",NA,"","","","",NA,"Less than 100% of the time",NA,NA,NA,NA,NA,NA,NA,NA,"","",0.3,87500,NA,"commercial"
"230","9/2/2018 21:16","9/2/2018 21:19",100,184,TRUE,"9/2/2018 21:19","R_4O8tUCsydF0b8el",58.82429504,-157.8621979,0,0,"No","No",NA,"",NA,NA,"No or did not report","","",NA,"","","","",NA,"Less than 100% of the time",NA,NA,NA,NA,NA,NA,NA,NA,"","",1,87500,NA,"personal"
"231","9/3/2018 7:13","9/3/2018 7:15",100,65,TRUE,"9/3/2018 7:15","R_pFPWmYP2iCazHTr",55.46220398,-132.8392029,0,0,"No","Yes",NA,"",NA,NA,"No or did not report","","",NA,"","","","",NA,"Less than 100% of the time",NA,NA,NA,NA,NA,NA,NA,NA,"","",1,87500,NA,"personal"
"232","9/3/2018 7:55","9/3/2018 7:55",100,44,TRUE,"9/3/2018 7:55","R_2P83oMKiAmRFxYR",55.61529541,-131.5848083,0,0,"No","Yes",NA,"",NA,NA,"No or did not report","","",NA,"","","","",NA,"Less than 100% of the time",NA,NA,NA,NA,NA,NA,NA,NA,"","",1,87500,NA,"personal"
"233","9/3/2018 8:19","9/3/2018 8:21",100,101,TRUE,"9/3/2018 8:21","R_T5yMeVKJuO8q8Ap",58.58129883,-134.7698059,0,0,"No","No",NA,"",NA,NA,"No or did not report","","",NA,"","","","",NA,"Less than 100% of the time",NA,NA,NA,NA,NA,NA,NA,NA,"","",1,87500,NA,"personal"
"234","9/2/2018 17:53","9/3/2018 9:11",100,55111,TRUE,"9/3/2018 9:11","R_sjUDAVdUkpd1wOt",61.17770386,-149.6383972,0,0,"Yes","No","Yes","4",15,12,"No or did not report","","No",NA,"","","No","",56,"100% of the time",5,5,5,5,5,5,5,5,"Reporting: keeping an eye out for invasive plants and animals after each boat trip and report sightings?(Note, convenient and user-friendly reporting tools are available, such as smart phone apps.),Decontamination: conducting training and workshops","gaveEmail",1,12500,"51-60","personal"
"235","9/3/2018 9:19","9/3/2018 9:20",100,66,TRUE,"9/3/2018 9:20","R_1IrQQrgIB0t6aw3",61.08070374,-149.7091064,0,0,"No","No",NA,"",NA,NA,"No or did not report","","",NA,"","","","",NA,"Less than 100% of the time",NA,NA,NA,NA,NA,NA,NA,NA,"","",1,87500,NA,"personal"
"236","9/3/2018 9:15","9/3/2018 9:30",100,903,TRUE,"9/3/2018 9:30","R_3oHEThJQKCy5VjG",61.17770386,-149.6383972,0,0,"Yes","Yes","No","8",55,25,"No or did not report","","No",NA,"","","No","",60,"100% of the time",NA,NA,NA,NA,NA,NA,NA,NA,"","",1,87500,"51-60","personal"
"237","9/3/2018 9:21","9/3/2018 9:33",100,716,TRUE,"9/3/2018 9:33","R_2Xb4P9fvVeQXlom",61.52349854,-149.5747986,0,0,"Yes","Yes","No","2",10,2,"No or did not report","","No",NA,"","","No","",71,"100% of the time",5,1,4,1,1,1,3,1,"","",1,37500,"71-80","personal"
"238","9/3/2018 9:39","9/3/2018 9:39",100,35,TRUE,"9/3/2018 9:39","R_1i4q52v2cG1zv8I",47.60620117,-122.3320999,0,0,"No","Yes",NA,"",NA,NA,"No or did not report","","",NA,"","","","",NA,"Less than 100% of the time",NA,NA,NA,NA,NA,NA,NA,NA,"","",1,87500,NA,"personal"
"239","9/3/2018 9:56","9/3/2018 10:02",100,352,TRUE,"9/3/2018 10:02","R_122VSgfPAgHMs9H",61.60920715,-148.4656982,0,0,"Yes","No","No","",0,0,"No or did not report","","No",NA,"","","No","",45,"100% of the time",NA,NA,NA,NA,NA,NA,NA,NA,"","",1,62500,"41-50","personal"
"240","9/3/2018 10:17","9/3/2018 10:18",100,39,TRUE,"9/3/2018 10:18","R_SIALLpbD0JD6WGJ",63.66879272,-143.196106,0,0,"No","No",NA,"",NA,NA,"No or did not report","","",NA,"","","","",NA,"Less than 100% of the time",NA,NA,NA,NA,NA,NA,NA,NA,"","",1,87500,NA,"personal"
"241","9/3/2018 10:39","9/3/2018 10:40",100,37,TRUE,"9/3/2018 10:40","R_3nquOOkbiGuZ4B5",61.52349854,-149.5747986,0,0,"No","No",NA,"",NA,NA,"No or did not report","","",NA,"","","","",NA,"Less than 100% of the time",NA,NA,NA,NA,NA,NA,NA,NA,"","",1,87500,NA,"personal"
"242","9/3/2018 11:31","9/3/2018 11:31",100,33,TRUE,"9/3/2018 11:31","R_2pKUKNsw1dPFTBv",61.15939331,-149.8865051,0,0,"No","No",NA,"",NA,NA,"No or did not report","","",NA,"","","","",NA,"Less than 100% of the time",NA,NA,NA,NA,NA,NA,NA,NA,"","",1,87500,NA,"personal"
"243","9/3/2018 11:27","9/3/2018 11:35",100,471,TRUE,"9/3/2018 11:35","R_3st2JcwUtolSimC",61.52349854,-149.5747986,0,0,"Yes","No","No","1",200,NA,"No or did not report","","No",NA,"","","No","",61,"100% of the time",5,4,5,1,1,1,5,1,"","",1,87500,"61-70","personal"
"244","9/3/2018 12:02","9/3/2018 12:04",100,124,TRUE,"9/3/2018 12:04","R_2CoZfmc3OEWXs3Q",64.90060425,-148.1613007,0,0,"No","Yes",NA,"",NA,NA,"No or did not report","","",NA,"","","","",NA,"Less than 100% of the time",NA,NA,NA,NA,NA,NA,NA,NA,"","",1,87500,NA,"personal"
"245","9/3/2018 12:24","9/3/2018 12:41",100,1049,TRUE,"9/3/2018 12:41","R_2xwVvLS6STcXze1",61.145401,-149.7664032,0,0.1,"Yes","No","Yes","4",50,25,"No or did not report","","No",NA,"","","No","",46,"100% of the time",4,4,5,5,2,5,4,3,"Reporting: keeping an eye out for invasive plants and animals after each boat trip and report sightings?(Note, convenient and user-friendly reporting tools are available, such as smart phone apps.),Monitoring: a more involved protocol not only keeping an eye out for invasives but collecting water samples, etc.","gaveEmail",0.9,175000,"41-50","personal"
"246","9/3/2018 14:35","9/3/2018 14:46",100,624,TRUE,"9/3/2018 14:46","R_3oyD73Igvk4tSV9",61.08070374,-149.7091064,0,0,"Yes","No","No","3",20,5,"No or did not report","","No",NA,"","","No","",NA,"100% of the time",5,NA,5,NA,NA,NA,5,NA,"","",1,87500,NA,"personal"
"247","9/3/2018 16:20","9/3/2018 16:21",100,43,TRUE,"9/3/2018 16:21","R_VIG53lpAPXdtNhT",61.2059021,-149.8231964,0,0,"No","Yes",NA,"",NA,NA,"No or did not report","","",NA,"","","","",NA,"Less than 100% of the time",NA,NA,NA,NA,NA,NA,NA,NA,"","",1,87500,NA,"personal"
"248","9/3/2018 16:29","9/3/2018 16:29",100,24,TRUE,"9/3/2018 16:29","R_2wcqZpSLH5erD6Q",61.15939331,-149.8865051,0,0,"No","Yes",NA,"",NA,NA,"No or did not report","","",NA,"","","","",NA,"Less than 100% of the time",NA,NA,NA,NA,NA,NA,NA,NA,"","",1,87500,NA,"personal"
"249","9/3/2018 17:03","9/3/2018 17:31",100,1657,TRUE,"9/3/2018 17:31","R_9pfByrKvtxgqLo5",61.2059021,-149.8231964,0,0,"Yes","No","No","1",60,30,"No or did not report","","No",NA,"","","No","",62,"100% of the time",5,1,4,4,1,1,3,1,"Reporting: keeping an eye out for invasive plants and animals after each boat trip and report sightings?(Note, convenient and user-friendly reporting tools are available, such as smart phone apps.)","gaveEmail",1,87500,"61-70","personal"
"250","9/3/2018 17:35","9/3/2018 17:49",100,877,TRUE,"9/3/2018 17:49","R_2EtuMTRRmtNU7Uc",57.0585022,-132.627594,0,0,"Yes","Yes","No","1",35,2,"No or did not report","","No",NA,"","","No","",51,"100% of the time",5,3,4,4,2,4,4,4,"","",1,87500,"51-60","personal"
"251","9/3/2018 18:33","9/3/2018 18:34",100,65,TRUE,"9/3/2018 18:34","R_32RbZzYLzURlunj",58.58129883,-134.7698059,0,0,"No","Yes",NA,"",NA,NA,"No or did not report","","",NA,"","","","",NA,"Less than 100% of the time",NA,NA,NA,NA,NA,NA,NA,NA,"","",1,87500,NA,"personal"
"252","9/4/2018 6:10","9/4/2018 6:22",100,740,TRUE,"9/4/2018 6:22","R_RIXRbjdQwDX5XjP",64.83779907,-147.7164001,0,0,"Yes","No","No","3",4,4,"No or did not report","","No",NA,"","","No","",69,"100% of the time",5,NA,5,NA,NA,NA,NA,NA,"","gaveEmail",1,62500,"61-70","personal"
"253","9/4/2018 6:41","9/4/2018 6:42",100,76,TRUE,"9/4/2018 6:42","R_2S7tlRQTxRQdhuq",47.57600403,-122.3995056,0,0,"No","Yes",NA,"",NA,NA,"No or did not report","","",NA,"","","","",NA,"Less than 100% of the time",NA,NA,NA,NA,NA,NA,NA,NA,"","",1,87500,NA,"personal"
"254","9/4/2018 9:42","9/4/2018 9:43",100,58,TRUE,"9/4/2018 9:43","R_3gRRQySkTR8caKe",61.40649414,-145.6669922,0,0,"No","No",NA,"",NA,NA,"No or did not report","","",NA,"","","","",NA,"Less than 100% of the time",NA,NA,NA,NA,NA,NA,NA,NA,"","",1,87500,NA,"personal"
"255","9/4/2018 9:31","9/4/2018 9:47",100,963,TRUE,"9/4/2018 9:47","R_2P7t7RpAKc2vM1O",61.08070374,-149.7091064,0,0,"Yes","Yes","No","",20,10,"No or did not report","","No",NA,"","","No","",59,"100% of the time",5,3,5,3,3,5,5,1,"","gaveEmail",1,112500,"51-60","personal"
"256","9/4/2018 9:54","9/4/2018 9:54",100,33,TRUE,"9/4/2018 9:54","R_2VLc1elD7zKMUem",61.19050598,-149.9420013,0,0,"No","Yes",NA,"",NA,NA,"No or did not report","","",NA,"","","","",NA,"Less than 100% of the time",NA,NA,NA,NA,NA,NA,NA,NA,"","",1,87500,NA,"personal"
"257","9/4/2018 10:12","9/4/2018 10:14",100,123,TRUE,"9/4/2018 10:14","R_50dTpVZzohrR6sp",61.08070374,-149.7091064,0,0,"No","No",NA,"",NA,NA,"No or did not report","","",NA,"","","","",NA,"Less than 100% of the time",NA,NA,NA,NA,NA,NA,NA,NA,"","",1,87500,NA,"personal"
"258","9/4/2018 10:13","9/4/2018 10:23",100,562,TRUE,"9/4/2018 10:23","R_3KIovky7DY8h1hi",37.75100708,-97.8219986,0,0,"Yes","No","No","4",NA,NA,"No or did not report","","No",NA,"","","No","",68,"Less than 100% of the time",5,NA,NA,NA,NA,NA,NA,NA,"","gaveEmail",1,87500,"61-70","personal"
"259","9/4/2018 11:11","9/4/2018 11:12",100,94,TRUE,"9/4/2018 11:12","R_33gbXvHE9goBEw5",61.145401,-149.7664032,0,0,"No","Yes",NA,"",NA,NA,"No or did not report","","",NA,"","","","",NA,"Less than 100% of the time",NA,NA,NA,NA,NA,NA,NA,NA,"","",1,87500,NA,"personal"
"260","9/4/2018 11:27","9/4/2018 11:27",100,36,TRUE,"9/4/2018 11:27","R_yDV9aUNnhiWInpT",58.58129883,-134.7698059,0,0,"No","Yes",NA,"",NA,NA,"No or did not report","","",NA,"","","","",NA,"Less than 100% of the time",NA,NA,NA,NA,NA,NA,NA,NA,"","",1,87500,NA,"personal"
"261","9/4/2018 11:32","9/4/2018 11:33",100,48,TRUE,"9/4/2018 11:33","R_2sbWWcEob5jj94x",64.83779907,-147.7164001,0,0,"No","",NA,"",NA,NA,"No or did not report","","",NA,"","","","",NA,"Less than 100% of the time",NA,NA,NA,NA,NA,NA,NA,NA,"","",1,87500,NA,"personal"
"262","9/4/2018 11:38","9/4/2018 11:48",100,655,TRUE,"9/4/2018 11:48","R_1rpLqfWME8j4uHr",37.75100708,-97.8219986,0,0,"Yes","Yes","No","3",10,10,"No or did not report","","No",NA,"","","No","",53,"100% of the time",5,2,3,1,3,5,3,2,"Reporting: keeping an eye out for invasive plants and animals after each boat trip and report sightings?(Note, convenient and user-friendly reporting tools are available, such as smart phone apps.),Monitoring: a more involved protocol not only keeping an eye out for invasives but collecting water samples, etc.,Outreach: connecting other boat operators and organizations,Decontamination: conducting training and workshops","gaveEmail",1,112500,"51-60","personal"
"263","9/4/2018 11:50","9/4/2018 11:52",100,78,TRUE,"9/4/2018 11:52","R_saGjySKW5GHiMLv",45.65829468,-108.384201,0,0,"No","Yes",NA,"",NA,NA,"No or did not report","","",NA,"","","","",NA,"Less than 100% of the time",NA,NA,NA,NA,NA,NA,NA,NA,"","",1,87500,NA,"personal"
"264","9/4/2018 12:06","9/4/2018 12:07",100,37,TRUE,"9/4/2018 12:07","R_O3SSWBxmsHXY4EN",60.32080078,-150.7989044,0,0,"No","Yes",NA,"",NA,NA,"No or did not report","","",NA,"","","","",NA,"Less than 100% of the time",NA,NA,NA,NA,NA,NA,NA,NA,"","",1,87500,NA,"personal"
"265","9/4/2018 12:16","9/4/2018 12:17",100,39,TRUE,"9/4/2018 12:17","R_3hsR7ZhThcey5rS",40.31410217,-112.006897,0,0,"No","Yes",NA,"",NA,NA,"No or did not report","","",NA,"","","","",NA,"Less than 100% of the time",NA,NA,NA,NA,NA,NA,NA,NA,"","",1,87500,NA,"personal"
"266","9/4/2018 12:49","9/4/2018 12:50",100,62,TRUE,"9/4/2018 12:50","R_3KNkxtqPS4neN4R",37.75100708,-97.8219986,0,0,"No","Yes",NA,"",NA,NA,"No or did not report","","",NA,"","","","",NA,"Less than 100% of the time",NA,NA,NA,NA,NA,NA,NA,NA,"","",1,87500,NA,"personal"
"267","9/4/2018 12:56","9/4/2018 13:02",100,371,TRUE,"9/4/2018 13:02","R_2TXLjZgalba4mmi",61.15939331,-149.8865051,0,0,"Yes","No","No","4",NA,NA,"No or did not report","","No",NA,"","","No","",40,"Less than 100% of the time",4,NA,4,NA,NA,NA,4,NA,"","",1,225000,"31-40","personal"
"268","9/4/2018 12:37","9/4/2018 13:07",100,1786,TRUE,"9/4/2018 13:07","R_12wZbQPhxgX9tD8",38.0032959,-122.0317993,0,0,"Yes","No","No","4",40,5,"No or did not report","","No",NA,"","","No","",45,"100% of the time",2,4,1,3,1,1,1,1,"","gaveEmail",1,87500,"41-50","personal"
"269","9/4/2018 12:59","9/4/2018 13:10",100,679,TRUE,"9/4/2018 13:10","R_3HTeqeLhgZejzJx",61.145401,-149.7664032,0,0,"Yes","No","No","4",36,18,"No or did not report","","No",NA,"","","No","",40,"100% of the time",5,1,2,2,1,4,4,1,"Reporting: keeping an eye out for invasive plants and animals after each boat trip and report sightings?(Note, convenient and user-friendly reporting tools are available, such as smart phone apps.),Monitoring: a more involved protocol not only keeping an eye out for invasives but collecting water samples, etc.","gaveEmail",1,112500,"31-40","personal"
"270","9/4/2018 13:10","9/4/2018 13:11",100,32,TRUE,"9/4/2018 13:11","R_2S8eY4jiELwj7wt",61.11199951,-149.9044037,0,0,"No","Yes",NA,"",NA,NA,"No or did not report","","",NA,"","","","",NA,"Less than 100% of the time",NA,NA,NA,NA,NA,NA,NA,NA,"","",1,87500,NA,"personal"
"271","9/4/2018 13:39","9/4/2018 13:42",100,209,TRUE,"9/4/2018 13:42","R_2eUrt3xB736nlQl",55.61529541,-131.5848083,0,0,"No","No",NA,"",NA,NA,"No or did not report","","",NA,"","","","",NA,"Less than 100% of the time",NA,NA,NA,NA,NA,NA,NA,NA,"","",1,87500,NA,"personal"
"272","9/4/2018 13:44","9/4/2018 14:32",100,2872,TRUE,"9/4/2018 14:32","R_290rN8bPqH4jSV7",57.15879822,-154.0800018,0.2,0,"Yes","Yes","No","3",45,5,"No or did not report","","No",NA,"","","No","",44,"100% of the time",3,1,1,1,1,4,5,5,"Monitoring: a more involved protocol not only keeping an eye out for invasives but collecting water samples, etc.","gaveEmail",0.8,112500,"41-50","personal"
"273","9/4/2018 14:35","9/4/2018 14:40",100,315,TRUE,"9/4/2018 14:40","R_1mW3UMN9XLXnXOh",61.145401,-149.7664032,0,0,"No","Yes",NA,"",NA,NA,"No or did not report","","",NA,"","","","",NA,"Less than 100% of the time",NA,NA,NA,NA,NA,NA,NA,NA,"","",1,87500,NA,"personal"
"274","9/4/2018 15:48","9/4/2018 16:02",100,834,TRUE,"9/4/2018 16:02","R_RQPX4g8JstQOtCF",61.08070374,-149.7091064,0,0,"Yes","No","No","1",1,0,"No or did not report","","Yes",2010,"New","New York","No","",57,"Less than 100% of the time",5,NA,5,5,5,5,5,5,"Reporting: keeping an eye out for invasive plants and animals after each boat trip and report sightings?(Note, convenient and user-friendly reporting tools are available, such as smart phone apps.)","gaveEmail",1,87500,"51-60","personal"
"275","9/4/2018 16:23","9/4/2018 16:24",100,77,TRUE,"9/4/2018 16:24","R_2wuF4w2W4VE83MV",61.40649414,-145.6669922,0,0,"No","Yes",NA,"",NA,NA,"No or did not report","","",NA,"","","","",NA,"Less than 100% of the time",NA,NA,NA,NA,NA,NA,NA,NA,"","",1,87500,NA,"personal"
"276","9/4/2018 14:31","9/4/2018 16:35",100,7418,TRUE,"9/4/2018 16:35","R_Tw4nkfc2SIMecvv",61.52349854,-149.5747986,0,0,"Yes","Yes","No","2",NA,NA,"No or did not report","","No",NA,"","","No","",35,"100% of the time",4,4,4,3,2,4,5,2,"Reporting: keeping an eye out for invasive plants and animals after each boat trip and report sightings?(Note, convenient and user-friendly reporting tools are available, such as smart phone apps.),Decontamination: developing best practices guide","",1,62500,"31-40","personal"
"277","9/4/2018 18:18","9/4/2018 18:18",100,23,TRUE,"9/4/2018 18:18","R_2atsaDb22aStDFm",61.18859863,-149.8878021,0,0,"No","Yes",NA,"",NA,NA,"No or did not report","","",NA,"","","","",NA,"Less than 100% of the time",NA,NA,NA,NA,NA,NA,NA,NA,"","",1,87500,NA,"personal"
"278","9/4/2018 18:36","9/4/2018 18:37",100,32,TRUE,"9/4/2018 18:37","R_1hDYOudzC0uBXyJ",47.63549805,-122.3235016,0,0,"No","Yes",NA,"",NA,NA,"No or did not report","","",NA,"","","","",NA,"Less than 100% of the time",NA,NA,NA,NA,NA,NA,NA,NA,"","",1,87500,NA,"personal"
"279","9/4/2018 18:52","9/4/2018 18:53",100,68,TRUE,"9/4/2018 18:53","R_11ZOEYKeenNFGfW",61.40649414,-145.6669922,0,0,"No","No",NA,"",NA,NA,"No or did not report","","",NA,"","","","",NA,"Less than 100% of the time",NA,NA,NA,NA,NA,NA,NA,NA,"","",1,87500,NA,"personal"
"280","9/4/2018 18:52","9/4/2018 18:53",100,52,TRUE,"9/4/2018 18:53","R_1itiEbu3g5QncWM",59.40390015,-151.3238983,0,0,"No","Yes",NA,"",NA,NA,"No or did not report","","",NA,"","","","",NA,"Less than 100% of the time",NA,NA,NA,NA,NA,NA,NA,NA,"","",1,87500,NA,"personal"
"281","9/4/2018 20:32","9/4/2018 20:33",100,62,TRUE,"9/4/2018 20:33","R_24cqA3k1RvyZHva",57.15879822,-154.0800018,0,0,"No","Yes",NA,"",NA,NA,"No or did not report","","",NA,"","","","",NA,"Less than 100% of the time",NA,NA,NA,NA,NA,NA,NA,NA,"","",1,87500,NA,"personal"
"282","9/4/2018 21:12","9/4/2018 21:13",100,44,TRUE,"9/4/2018 21:13","R_D14934FR2b3FdHX",22.19380188,-159.3872986,0,0,"No","No",NA,"",NA,NA,"No or did not report","","",NA,"","","","",NA,"Less than 100% of the time",NA,NA,NA,NA,NA,NA,NA,NA,"","",1,87500,NA,"personal"
"283","9/4/2018 20:37","9/4/2018 21:14",100,2197,TRUE,"9/4/2018 21:14","R_WwlwvgCWxBwL78J",61.15939331,-149.8865051,0,0,"Yes","Yes","No","3",35,4,"No or did not report","","Yes",2016,"New","Washington","No","",62,"100% of the time",5,3,4,3,3,4,5,4,"Reporting: keeping an eye out for invasive plants and animals after each boat trip and report sightings?(Note, convenient and user-friendly reporting tools are available, such as smart phone apps.),Monitoring: a more involved protocol not only keeping an eye out for invasives but collecting water samples, etc.","gaveEmail",1,87500,"61-70","personal"
"284","9/4/2018 21:41","9/4/2018 21:43",100,100,TRUE,"9/4/2018 21:43","R_1DN2RZ1a5CWTu5F",61.52349854,-149.5747986,0,0,"No","Yes",NA,"",NA,NA,"No or did not report","","",NA,"","","","",NA,"Less than 100% of the time",NA,NA,NA,NA,NA,NA,NA,NA,"","",1,87500,NA,"personal"
"285","9/4/2018 22:35","9/4/2018 22:49",100,844,TRUE,"9/4/2018 22:49","R_eeZle3ObxXbMsql",55.14430237,-131.4983978,0,0,"Yes","Yes",NA,"1",20,10,"Yes","British Columbia","No",NA,"","","No","",70,"Less than 100% of the time",4,3,3,3,3,3,3,3,"Reporting: keeping an eye out for invasive plants and animals after each boat trip and report sightings?(Note, convenient and user-friendly reporting tools are available, such as smart phone apps.),Monitoring: a more involved protocol not only keeping an eye out for invasives but collecting water samples, etc.,Outreach: connecting other boat operators and organizations","gaveEmail",1,37500,"61-70","personal"
"286","9/5/2018 6:36","9/5/2018 6:36",100,54,TRUE,"9/5/2018 6:37","R_2do9NA3TWAhiYn7",40.93870544,-99.98600006,0,0,"No","No",NA,"",NA,NA,"No or did not report","","",NA,"","","","",NA,"Less than 100% of the time",NA,NA,NA,NA,NA,NA,NA,NA,"","",1,87500,NA,"personal"
"287","9/5/2018 6:33","9/5/2018 6:42",100,539,TRUE,"9/5/2018 6:42","R_3nVhxbH5baSnyUR",61.08070374,-149.7091064,0,0,"Yes","No","No","2",200,100,"No or did not report","","No",NA,"","","No","",59,"100% of the time",5,1,3,1,3,3,5,1,"","gaveEmail",1,137500,"51-60","personal"
"288","9/5/2018 6:36","9/5/2018 6:44",100,506,TRUE,"9/5/2018 6:44","R_2uJ4u7PEZo1NJyQ",45.07240295,-93.18740082,0,0,"Yes","No","No","2",15,10,"No or did not report","","Yes",1995,"New","Oregon","No","",55,"100% of the time",5,NA,NA,NA,NA,NA,NA,NA,"Reporting: keeping an eye out for invasive plants and animals after each boat trip and report sightings?(Note, convenient and user-friendly reporting tools are available, such as smart phone apps.)","",1,87500,"51-60","personal"
"289","9/5/2018 7:21","9/5/2018 7:25",100,196,TRUE,"9/5/2018 7:25","R_eA12AQtsFQgukhz",58.58129883,-134.7698059,0,0,"No","Yes",NA,"",NA,NA,"No or did not report","","",NA,"","","","",NA,"Less than 100% of the time",NA,NA,NA,NA,NA,NA,NA,NA,"","",1,87500,NA,"personal"
"290","9/5/2018 7:42","9/5/2018 7:43",100,72,TRUE,"9/5/2018 7:43","R_s5Vwjt6GhSBmJTX",61.18859863,-149.8878021,1,0,"No","Yes",NA,"",NA,NA,"No or did not report","","",NA,"","","","",NA,"Less than 100% of the time",NA,NA,NA,NA,NA,NA,NA,NA,"","",0,87500,NA,"commercial"
"291","9/5/2018 8:03","9/5/2018 8:04",100,26,TRUE,"9/5/2018 8:04","R_2AZ2OylolYSZELm",64.90060425,-148.1613007,0,0,"No","Yes",NA,"",NA,NA,"No or did not report","","",NA,"","","","",NA,"Less than 100% of the time",NA,NA,NA,NA,NA,NA,NA,NA,"","",1,87500,NA,"personal"
"292","9/5/2018 9:17","9/5/2018 9:22",100,308,TRUE,"9/5/2018 9:22","R_1lcse7wmNyqi4jh",61.08070374,-149.7091064,0,0,"Yes","No","No","4",10,5,"No or did not report","","No",NA,"","","No","",45,"Less than 100% of the time",NA,NA,5,NA,5,NA,5,NA,"","gaveEmail",1,137500,"41-50","personal"
"293","9/5/2018 9:22","9/5/2018 9:23",100,35,TRUE,"9/5/2018 9:23","R_1JQOzYxZiKemx8W",47.60620117,-122.3320999,0,0,"No","Yes",NA,"",NA,NA,"No or did not report","","",NA,"","","","",NA,"Less than 100% of the time",NA,NA,NA,NA,NA,NA,NA,NA,"","",1,87500,NA,"personal"
"294","9/5/2018 9:24","9/5/2018 9:25",100,58,TRUE,"9/5/2018 9:25","R_8AJelQsm55z1JbX",60.32080078,-150.7989044,0,0,"No","Yes",NA,"",NA,NA,"No or did not report","","",NA,"","","","",NA,"Less than 100% of the time",NA,NA,NA,NA,NA,NA,NA,NA,"","",1,87500,NA,"personal"
"295","9/5/2018 9:47","9/5/2018 9:57",100,645,TRUE,"9/5/2018 9:57","R_ANUBr0dwrGw8JTr",64.90060425,-148.1613007,0,0,"Yes","No","Yes","2",5,2,"No or did not report","","No",NA,"","","No","",69,"Less than 100% of the time",5,5,5,1,1,5,5,1,"Decontamination: developing best practices guide","",1,87500,"61-70","personal"
"296","9/5/2018 10:04","9/5/2018 10:20",100,929,TRUE,"9/5/2018 10:20","R_2V42Kh1l2OawUrX",63.66879272,-143.196106,0,0,"Yes","No","No","4",100,10,"No or did not report","","No",NA,"","","No","",52,"100% of the time",NA,NA,NA,NA,NA,NA,NA,NA,"Reporting: keeping an eye out for invasive plants and animals after each boat trip and report sightings?(Note, convenient and user-friendly reporting tools are available, such as smart phone apps.)","gaveEmail",1,12500,"51-60","personal"
"297","9/5/2018 10:36","9/5/2018 10:37",100,109,TRUE,"9/5/2018 10:37","R_3rPee6S4FqUMt3P",61.52349854,-149.5747986,0,0,"No","No",NA,"",NA,NA,"No or did not report","","",NA,"","","","",NA,"Less than 100% of the time",NA,NA,NA,NA,NA,NA,NA,NA,"","",1,87500,NA,"personal"
"298","9/5/2018 10:34","9/5/2018 10:40",100,405,TRUE,"9/5/2018 10:40","R_vT4QyQOdQnAdwGZ",64.8184967,-147.7216034,0,0,"Yes","No","No","5",NA,NA,"No or did not report","","No",NA,"","","No","",38,"Less than 100% of the time",NA,NA,NA,NA,NA,NA,NA,NA,"","",1,112500,"31-40","personal"
"299","9/5/2018 10:55","9/5/2018 10:55",100,9,TRUE,"9/5/2018 10:55","R_3QKsSohWnPVqIxL",61.2059021,-149.8231964,0,0,"","",NA,"",NA,NA,"No or did not report","","",NA,"","","","",NA,"Less than 100% of the time",NA,NA,NA,NA,NA,NA,NA,NA,"","",1,87500,NA,"personal"
"300","9/5/2018 10:58","9/5/2018 10:58",100,44,TRUE,"9/5/2018 10:58","R_3ELPQURCw0aTQOV",61.2059021,-149.8231964,0,0,"No","Yes",NA,"",NA,NA,"No or did not report","","",NA,"","","","",NA,"Less than 100% of the time",NA,NA,NA,NA,NA,NA,NA,NA,"","",1,87500,NA,"personal"
"301","9/5/2018 11:01","9/5/2018 11:01",100,12,TRUE,"9/5/2018 11:01","R_2zFLTZtVEgIy8ta",61.2059021,-149.8231964,0,0,"No","Yes",NA,"",NA,NA,"No or did not report","","",NA,"","","","",NA,"Less than 100% of the time",NA,NA,NA,NA,NA,NA,NA,NA,"","",1,87500,NA,"personal"
"302","9/5/2018 11:06","9/5/2018 11:19",100,787,TRUE,"9/5/2018 11:19","R_1kSSr1v5GWi9mck",64.93130493,-146.6123047,0,0,"Yes","No","Yes","7",30,25,"No or did not report","","No",NA,"","","No","",51,"100% of the time",4,4,2,1,1,4,5,2,"Reporting: keeping an eye out for invasive plants and animals after each boat trip and report sightings?(Note, convenient and user-friendly reporting tools are available, such as smart phone apps.),Monitoring: a more involved protocol not only keeping an eye out for invasives but collecting water samples, etc.","gaveEmail",1,87500,"51-60","personal"
"303","9/5/2018 11:39","9/5/2018 11:39",100,12,TRUE,"9/5/2018 11:39","R_sSbZtMClRuQ22lj",61.2059021,-149.8231964,0,0,"No","Yes",NA,"",NA,NA,"No or did not report","","",NA,"","","","",NA,"Less than 100% of the time",NA,NA,NA,NA,NA,NA,NA,NA,"","",1,87500,NA,"personal"
"304","9/5/2018 11:41","9/5/2018 11:43",100,119,TRUE,"9/5/2018 11:43","R_25Z2kfbnPgtQfR7",61.2059021,-149.8231964,0,0,"Yes","No",NA,"",NA,NA,"No or did not report","","No",NA,"","","","",NA,"Less than 100% of the time",NA,NA,NA,NA,NA,NA,NA,NA,"","",1,87500,NA,"personal"
"305","9/5/2018 12:50","9/5/2018 12:58",100,427,TRUE,"9/5/2018 12:58","R_2Yzvf0LipMdQc2a",64.67480469,-147.0484924,0,0,"Yes","Yes","No","3",35,35,"No or did not report","","No",NA,"","","No","",49,"Less than 100% of the time",5,2,4,2,3,1,2,2,"Reporting: keeping an eye out for invasive plants and animals after each boat trip and report sightings?(Note, convenient and user-friendly reporting tools are available, such as smart phone apps.)","gaveEmail",1,87500,"41-50","personal"
"306","9/5/2018 13:22","9/5/2018 13:23",100,89,TRUE,"9/5/2018 13:23","R_1ooltq37nEDiiQK",59.40390015,-151.3238983,0,0,"No","Yes",NA,"",NA,NA,"No or did not report","","",NA,"","","","",NA,"Less than 100% of the time",NA,NA,NA,NA,NA,NA,NA,NA,"","",1,87500,NA,"personal"
"307","9/5/2018 13:22","9/5/2018 13:30",100,497,TRUE,"9/5/2018 13:30","R_26b5lQ4t9EfAW9d",61.52349854,-149.5747986,0,0,"Yes","Yes","No","2",5,3,"No or did not report","","Yes",2011,"New","","No","",NA,"100% of the time",5,2,5,3,1,4,5,4,"","gaveEmail",1,12500,NA,"personal"
"308","9/5/2018 14:24","9/5/2018 14:32",100,503,TRUE,"9/5/2018 14:32","R_Xilqin6BCPCDjlT",59.5296936,-154.3999939,0.1,0,"Yes","No","No","1",40,NA,"No or did not report","","No",NA,"","","No","",NA,"100% of the time",NA,NA,NA,NA,NA,NA,NA,NA,"","gaveEmail",0.9,137500,NA,"personal"
"309","9/5/2018 14:41","9/5/2018 14:41",100,24,TRUE,"9/5/2018 14:41","R_2xWpDgdTitc5BWr",61.52349854,-149.5747986,0,0,"No","No",NA,"",NA,NA,"No or did not report","","",NA,"","","","",NA,"Less than 100% of the time",NA,NA,NA,NA,NA,NA,NA,NA,"","",1,87500,NA,"personal"
"310","9/5/2018 15:11","9/5/2018 15:27",100,948,TRUE,"9/5/2018 15:27","R_d5s0DlhCna5XHMt",47.60620117,-122.3320999,0,0,"Yes","Yes","No","1",10,4,"No or did not report","","No",NA,"","","No","",57,"100% of the time",5,NA,NA,NA,NA,5,NA,NA,"Reporting: keeping an eye out for invasive plants and animals after each boat trip and report sightings?(Note, convenient and user-friendly reporting tools are available, such as smart phone apps.)","gaveEmail",1,87500,"51-60","personal"
"311","9/5/2018 15:49","9/5/2018 15:57",100,456,TRUE,"9/5/2018 15:57","R_2OPIDl8stfR17cE",61.15939331,-149.8865051,0,0,"Yes","No","No","2",NA,NA,"No or did not report","","No",NA,"","","No","",55,"Less than 100% of the time",NA,NA,5,NA,5,NA,5,NA,"Reporting: keeping an eye out for invasive plants and animals after each boat trip and report sightings?(Note, convenient and user-friendly reporting tools are available, such as smart phone apps.),Monitoring: a more involved protocol not only keeping an eye out for invasives but collecting water samples, etc.","gaveEmail",1,225000,"51-60","personal"
"312","9/5/2018 15:21","9/5/2018 16:02",100,2430,TRUE,"9/5/2018 16:02","R_6Vdijxqb6Nj5z7X",60.66059875,-150.9060059,0,0,"Yes","No","No","4",NA,NA,"No or did not report","","No",NA,"","","No","",64,"100% of the time",NA,NA,NA,NA,NA,5,NA,NA,"","",1,87500,"61-70","personal"
"313","9/5/2018 16:27","9/5/2018 16:42",100,904,TRUE,"9/5/2018 16:42","R_1pGzomU69MAMVSS",61.52349854,-149.5747986,0,0,"Yes","Yes","No","2",10,8,"No or did not report","","Yes",1996,"New","Missouri","No","",58,"100% of the time",5,2,2,2,2,2,4,1,"","gaveEmail",1,87500,"51-60","personal"
"314","9/5/2018 16:55","9/5/2018 16:59",100,183,TRUE,"9/5/2018 16:59","R_1H5fMc1wk4vfXi7",55.61529541,-131.5848083,0,0,"No","Yes",NA,"",NA,NA,"No or did not report","","",NA,"","","","",NA,"Less than 100% of the time",NA,NA,NA,NA,NA,NA,NA,NA,"","",1,87500,NA,"personal"
"315","9/5/2018 18:58","9/5/2018 19:00",100,93,TRUE,"9/5/2018 19:00","R_UxowcUEfIvYb8lz",56.73530579,-135.009201,0,0,"No","Yes",NA,"",NA,NA,"No or did not report","","",NA,"","","","",NA,"Less than 100% of the time",NA,NA,NA,NA,NA,NA,NA,NA,"","",1,87500,NA,"personal"
"316","9/5/2018 19:38","9/5/2018 19:39",100,44,TRUE,"9/5/2018 19:39","R_12a0Irh5PGqnzlg",61.52349854,-149.5747986,0,0,"No","Yes",NA,"",NA,NA,"No or did not report","","",NA,"","","","",NA,"Less than 100% of the time",NA,NA,NA,NA,NA,NA,NA,NA,"","",1,87500,NA,"personal"
"317","9/5/2018 20:22","9/5/2018 20:23",100,36,TRUE,"9/5/2018 20:23","R_1l43pCAWe9sr2fI",58.58129883,-134.7698059,0,0,"No","Yes",NA,"",NA,NA,"No or did not report","","",NA,"","","","",NA,"Less than 100% of the time",NA,NA,NA,NA,NA,NA,NA,NA,"","",1,87500,NA,"personal"
"318","9/5/2018 20:32","9/5/2018 20:33",100,86,TRUE,"9/5/2018 20:33","R_24vYOf95CSeYdwI",61.17770386,-149.6383972,0,0,"No","No",NA,"",NA,NA,"No or did not report","","",NA,"","","","",NA,"Less than 100% of the time",NA,NA,NA,NA,NA,NA,NA,NA,"","",1,87500,NA,"personal"
"319","9/5/2018 21:04","9/5/2018 21:04",100,41,TRUE,"9/5/2018 21:04","R_2EvlYjkdvojHISN",61.08070374,-149.7091064,0,0,"No","Yes",NA,"",NA,NA,"No or did not report","","",NA,"","","","",NA,"Less than 100% of the time",NA,NA,NA,NA,NA,NA,NA,NA,"","",1,87500,NA,"personal"
"320","9/6/2018 5:53","9/6/2018 5:54",100,55,TRUE,"9/6/2018 5:54","R_07XzYiMDipd3MRP",57.0585022,-132.627594,0,0,"No","Yes",NA,"",NA,NA,"No or did not report","","",NA,"","","","",NA,"Less than 100% of the time",NA,NA,NA,NA,NA,NA,NA,NA,"","",1,87500,NA,"personal"
"321","9/6/2018 6:57","9/6/2018 7:02",100,273,TRUE,"9/6/2018 7:02","R_vuZOvylpHwLzwIx",37.75100708,-97.8219986,0,0,"No","Yes",NA,"",NA,NA,"No or did not report","","",NA,"","","","",NA,"Less than 100% of the time",NA,NA,NA,NA,NA,NA,NA,NA,"","",1,87500,NA,"personal"
"322","9/6/2018 9:34","9/6/2018 9:37",100,172,TRUE,"9/6/2018 9:37","R_24jj2thkLyhzDqx",37.75100708,-97.8219986,0,0,"No","Yes",NA,"",NA,NA,"No or did not report","","",NA,"","","","",NA,"Less than 100% of the time",NA,NA,NA,NA,NA,NA,NA,NA,"","",1,87500,NA,"personal"
"323","9/6/2018 9:51","9/6/2018 9:51",100,16,TRUE,"9/6/2018 9:51","R_2PASECbn1tjZGAs",61.2059021,-149.8231964,0,0,"No","No",NA,"",NA,NA,"No or did not report","","",NA,"","","","",NA,"Less than 100% of the time",NA,NA,NA,NA,NA,NA,NA,NA,"","",1,87500,NA,"personal"
"324","9/6/2018 9:50","9/6/2018 9:52",100,107,TRUE,"9/6/2018 9:52","R_3iJbRUM7NCX6M9I",61.17770386,-149.6383972,0,0,"No","Yes",NA,"",NA,NA,"No or did not report","","",NA,"","","","",NA,"Less than 100% of the time",NA,NA,NA,NA,NA,NA,NA,NA,"","",1,87500,NA,"personal"
"325","9/6/2018 9:53","9/6/2018 9:53",100,13,TRUE,"9/6/2018 9:53","R_3HT7tbU04lO0C2T",61.2059021,-149.8231964,0,0,"No","No",NA,"",NA,NA,"No or did not report","","",NA,"","","","",NA,"Less than 100% of the time",NA,NA,NA,NA,NA,NA,NA,NA,"","",1,87500,NA,"personal"
"326","9/6/2018 10:10","9/6/2018 10:31",100,1279,TRUE,"9/6/2018 10:31","R_3GxC9HCrshqtn84",64.09370422,-160.3654938,0,0,"Yes","No","No","2",24,24,"No or did not report","","No",NA,"","","No","",59,"100% of the time",3,1,2,1,1,4,3,1,"","gaveEmail",1,112500,"51-60","personal"
"327","9/6/2018 10:53","9/6/2018 11:04",100,632,TRUE,"9/6/2018 11:04","R_3s5n4GAkVNLrMXT",61.52349854,-149.5747986,0,0,"Yes","Yes","No","3",5,5,"No or did not report","","No",NA,"","","No","",52,"Less than 100% of the time",5,1,4,5,3,5,5,3,"Reporting: keeping an eye out for invasive plants and animals after each boat trip and report sightings?(Note, convenient and user-friendly reporting tools are available, such as smart phone apps.),Monitoring: a more involved protocol not only keeping an eye out for invasives but collecting water samples, etc.","gaveEmail",1,112500,"51-60","personal"
"328","9/6/2018 11:12","9/6/2018 11:13",100,51,TRUE,"9/6/2018 11:13","R_10Jg244rBaT0lvT",61.19050598,-149.9420013,0,0,"No","No",NA,"",NA,NA,"No or did not report","","",NA,"","","","",NA,"Less than 100% of the time",NA,NA,NA,NA,NA,NA,NA,NA,"","",1,87500,NA,"personal"
"329","9/6/2018 11:23","9/6/2018 11:24",100,67,TRUE,"9/6/2018 11:24","R_3htf5iWwfaLeA9m",59.40390015,-151.3238983,0,0,"No","No",NA,"",NA,NA,"No or did not report","","",NA,"","","","",NA,"Less than 100% of the time",NA,NA,NA,NA,NA,NA,NA,NA,"","",1,87500,NA,"personal"
"330","9/6/2018 12:29","9/6/2018 12:30",100,43,TRUE,"9/6/2018 12:30","R_QhtxFa3WOzzWOWd",61.145401,-149.7664032,0,0,"No","Yes",NA,"",NA,NA,"No or did not report","","",NA,"","","","",NA,"Less than 100% of the time",NA,NA,NA,NA,NA,NA,NA,NA,"","",1,87500,NA,"personal"
"331","9/6/2018 13:24","9/6/2018 13:25",100,73,TRUE,"9/6/2018 13:25","R_1GnUtzTCAQykDEl",36.08770752,-115.9284973,0,0,"No","Yes",NA,"",NA,NA,"No or did not report","","",NA,"","","","",NA,"Less than 100% of the time",NA,NA,NA,NA,NA,NA,NA,NA,"","",1,87500,NA,"personal"
"332","9/6/2018 14:57","9/6/2018 14:58",100,35,TRUE,"9/6/2018 14:58","R_1q1AKKG3uTioLtC",58.58129883,-134.7698059,0,0,"No","Yes",NA,"",NA,NA,"No or did not report","","",NA,"","","","",NA,"Less than 100% of the time",NA,NA,NA,NA,NA,NA,NA,NA,"","",1,87500,NA,"personal"
"333","9/6/2018 15:25","9/6/2018 15:37",100,705,TRUE,"9/6/2018 15:37","R_3Jnj1zy5FEbbQEi",61.145401,-149.7664032,1,0,"Yes","No","No","0",NA,NA,"No or did not report","","Yes",2012,"New","Idaho","No","",50,"Less than 100% of the time",3,3,4,4,2,4,4,3,"","gaveEmail",0,137500,"41-50","commercial"
"334","9/6/2018 16:10","9/6/2018 16:11",100,33,TRUE,"9/6/2018 16:11","R_1MLf7h4MHeYoaql",55.61529541,-131.5848083,0,0,"No","Yes",NA,"",NA,NA,"No or did not report","","",NA,"","","","",NA,"Less than 100% of the time",NA,NA,NA,NA,NA,NA,NA,NA,"","",1,87500,NA,"personal"
"335","9/6/2018 17:51","9/6/2018 17:58",100,440,TRUE,"9/6/2018 17:58","R_3O6YS5FiVSMiytR",55.9539032,-131.9611969,0,0,"Yes","Yes","No","1",1,1,"No or did not report","","Yes",2017,"Used","Oregon","No","",62,"100% of the time",4,3,4,1,1,5,5,1,"","",1,112500,"61-70","personal"
"336","9/6/2018 17:49","9/6/2018 17:58",100,546,TRUE,"9/6/2018 17:58","R_3nx6QoyiiGsipIC",61.22309875,-149.8527985,0,0,"Yes","No","No","2",5,5,"No or did not report","","No",NA,"","","No","",61,"100% of the time",5,5,5,NA,5,NA,NA,NA,"","gaveEmail",1,87500,"61-70","personal"
"337","9/6/2018 19:09","9/6/2018 19:10",100,58,TRUE,"9/6/2018 19:10","R_w7XbGlFVV4U3shH",55.46220398,-132.8392029,0,0,"","",NA,"",NA,NA,"No or did not report","","",NA,"","","","",NA,"Less than 100% of the time",NA,NA,NA,NA,NA,NA,NA,NA,"","",1,87500,NA,"personal"
"338","9/6/2018 20:21","9/6/2018 20:22",100,95,TRUE,"9/6/2018 20:22","R_20YuOirS4ru57hx",37.74839783,-122.4156036,0,0,"No","Yes",NA,"",NA,NA,"No or did not report","","",NA,"","","","",NA,"Less than 100% of the time",NA,NA,NA,NA,NA,NA,NA,NA,"","",1,87500,NA,"personal"
"339","9/6/2018 20:28","9/6/2018 20:50",100,1349,TRUE,"9/6/2018 20:50","R_210SS65NzNY6Y8z",60.32080078,-150.7989044,0,0,"Yes","Yes","No","3",150,100,"No or did not report","","Yes",2014,"Used","Washington","No","",52,"Less than 100% of the time",5,1,4,1,1,4,1,3,"","gaveEmail",1,87500,"51-60","personal"
"340","9/6/2018 21:27","9/6/2018 21:29",100,124,TRUE,"9/6/2018 21:29","R_2waxsIc8id1IhBq",57.0585022,-132.627594,0,0,"No","Yes",NA,"",NA,NA,"No or did not report","","",NA,"","","","",NA,"Less than 100% of the time",NA,NA,NA,NA,NA,NA,NA,NA,"","",1,87500,NA,"personal"
"341","9/6/2018 21:24","9/6/2018 21:37",100,795,TRUE,"9/6/2018 21:37","R_e5LhtpvLoxbpS13",61.21490479,-149.2583008,0,0,"Yes","No","No","3",6,4,"No or did not report","","No",NA,"","","No","",34,"100% of the time",5,1,4,2,2,5,4,1,"Reporting: keeping an eye out for invasive plants and animals after each boat trip and report sightings?(Note, convenient and user-friendly reporting tools are available, such as smart phone apps.)","gaveEmail",1,175000,"31-40","personal"
"342","9/7/2018 3:23","9/7/2018 3:24",100,38,TRUE,"9/7/2018 3:24","R_tY8i9pomYD4ULx7",39.43699646,-76.78179932,0,0,"No","Yes",NA,"",NA,NA,"No or did not report","","",NA,"","","","",NA,"Less than 100% of the time",NA,NA,NA,NA,NA,NA,NA,NA,"","",1,87500,NA,"personal"
"343","9/7/2018 6:08","9/7/2018 6:17",100,588,TRUE,"9/7/2018 6:17","R_2vkrut4myEk530M",60.93240356,-161.8005981,0,0,"Yes","No","No","3",NA,NA,"No or did not report","","No",NA,"","","No","",54,"100% of the time",4,1,1,1,1,5,4,1,"","gaveEmail",1,112500,"51-60","personal"
"344","9/7/2018 6:25","9/7/2018 6:25",100,28,TRUE,"9/7/2018 6:25","R_1eLfUSQaNQ0LgyV",64.8184967,-147.7216034,0,0,"No","Yes",NA,"",NA,NA,"No or did not report","","",NA,"","","","",NA,"Less than 100% of the time",NA,NA,NA,NA,NA,NA,NA,NA,"","",1,87500,NA,"personal"
"345","9/7/2018 8:50","9/7/2018 8:51",100,41,TRUE,"9/7/2018 8:51","R_zUwKQJNJ4kTLnoZ",55.61529541,-131.5848083,0,0,"No","Yes",NA,"",NA,NA,"No or did not report","","",NA,"","","","",NA,"Less than 100% of the time",NA,NA,NA,NA,NA,NA,NA,NA,"","",1,87500,NA,"personal"
"346","9/7/2018 9:00","9/7/2018 9:00",100,17,TRUE,"9/7/2018 9:00","R_2v8nx5NOzv9Q3gf",61.2059021,-149.8231964,0,0,"No","No",NA,"",NA,NA,"No or did not report","","",NA,"","","","",NA,"Less than 100% of the time",NA,NA,NA,NA,NA,NA,NA,NA,"","",1,87500,NA,"personal"
"347","9/7/2018 9:05","9/7/2018 9:07",100,100,TRUE,"9/7/2018 9:07","R_Ailqmr6isnMUOWJ",61.2059021,-149.8231964,0,0,"No","Yes",NA,"",NA,NA,"No or did not report","","",NA,"","","","",NA,"Less than 100% of the time",NA,NA,NA,NA,NA,NA,NA,NA,"","",1,87500,NA,"personal"
"348","9/7/2018 9:42","9/7/2018 9:56",100,826,TRUE,"9/7/2018 9:56","R_1d0kHk3PG2TBeVg",57.0585022,-132.627594,0,0,"No","Yes",NA,"",NA,NA,"No or did not report","","",NA,"","","","",NA,"Less than 100% of the time",NA,NA,NA,NA,NA,NA,NA,NA,"","",1,87500,NA,"personal"
"349","9/7/2018 11:00","9/7/2018 11:01",100,77,TRUE,"9/7/2018 11:01","R_31iNSGCvKqQafEL",61.145401,-149.7664032,0,0,"No","Yes",NA,"",NA,NA,"No or did not report","","",NA,"","","","",NA,"Less than 100% of the time",NA,NA,NA,NA,NA,NA,NA,NA,"","",1,87500,NA,"personal"
"350","9/7/2018 11:08","9/7/2018 11:09",100,59,TRUE,"9/7/2018 11:09","R_1HqsMgC77ZNzDTA",37.75100708,-97.8219986,0,0,"No","Yes",NA,"",NA,NA,"No or did not report","","",NA,"","","","",NA,"Less than 100% of the time",NA,NA,NA,NA,NA,NA,NA,NA,"","",1,87500,NA,"personal"
"351","9/7/2018 11:45","9/7/2018 11:55",100,626,TRUE,"9/7/2018 11:55","R_3njfMdli3jZLunP",61.145401,-149.7664032,0,0,"Yes","Yes","No","2",0,0,"No or did not report","","No",NA,"","","No","",79,"100% of the time",NA,NA,NA,NA,NA,NA,NA,NA,"","",1,225000,"71-80","personal"
"352","9/7/2018 12:15","9/7/2018 12:16",100,81,TRUE,"9/7/2018 12:16","R_yQsv0dhHmldTV4d",45.76609802,-108.5789032,0,0,"No","No",NA,"",NA,NA,"No or did not report","","",NA,"","","","",NA,"Less than 100% of the time",NA,NA,NA,NA,NA,NA,NA,NA,"","",1,87500,NA,"personal"
"353","9/7/2018 12:16","9/7/2018 12:17",100,72,TRUE,"9/7/2018 12:17","R_UKrGQz9dZZlDi7L",57.15879822,-154.0800018,0,0,"No","Yes",NA,"",NA,NA,"No or did not report","","",NA,"","","","",NA,"Less than 100% of the time",NA,NA,NA,NA,NA,NA,NA,NA,"","",1,87500,NA,"personal"
"354","9/7/2018 12:40","9/7/2018 12:41",100,53,TRUE,"9/7/2018 12:41","R_cUv6ZHTvVMdkgdb",58.58129883,-134.7698059,0,0,"No","Yes",NA,"",NA,NA,"No or did not report","","",NA,"","","","",NA,"Less than 100% of the time",NA,NA,NA,NA,NA,NA,NA,NA,"","",1,87500,NA,"personal"
"355","9/7/2018 13:32","9/7/2018 13:43",100,673,TRUE,"9/7/2018 13:43","R_BAhvRbf9RkrMXND",61.52349854,-149.5747986,0,0,"Yes","No","No","3",20,5,"No or did not report","","No",NA,"","","No","",72,"100% of the time",5,4,5,3,1,1,1,1,"","",1,175000,"71-80","personal"
"356","9/7/2018 14:49","9/7/2018 14:50",100,34,TRUE,"9/7/2018 14:50","R_ODovxV6ioHbnc2t",61.21809387,-149.9002991,0,0,"No","Yes",NA,"",NA,NA,"No or did not report","","",NA,"","","","",NA,"Less than 100% of the time",NA,NA,NA,NA,NA,NA,NA,NA,"","",1,87500,NA,"personal"
"357","9/7/2018 15:32","9/7/2018 15:32",100,12,TRUE,"9/7/2018 15:32","R_OOwJKy31zxyKktX",61.2059021,-149.8231964,0,0,"No","Yes",NA,"",NA,NA,"No or did not report","","",NA,"","","","",NA,"Less than 100% of the time",NA,NA,NA,NA,NA,NA,NA,NA,"","",1,87500,NA,"personal"
"358","9/1/2018 17:24","9/7/2018 15:36",100,511906,TRUE,"9/7/2018 15:36","R_3hi1rUWNIZJj9Mg",61.2059021,-149.8231964,0,0,"Yes","No","Yes","",NA,NA,"No or did not report","","No",NA,"","","","",NA,"Less than 100% of the time",NA,NA,NA,NA,NA,NA,NA,NA,"","",1,87500,NA,"personal"
"359","9/7/2018 15:41","9/7/2018 15:55",100,788,TRUE,"9/7/2018 15:55","R_3rPwyej52XrCp65",60.0552063,-149.3365021,0,0,"Yes","No","No","4",80,50,"No or did not report","","No",NA,"","","No","",53,"100% of the time",5,1,5,5,5,5,5,1,"Reporting: keeping an eye out for invasive plants and animals after each boat trip and report sightings?(Note, convenient and user-friendly reporting tools are available, such as smart phone apps.)","gaveEmail",1,137500,"51-60","personal"
"360","9/7/2018 16:26","9/7/2018 16:28",100,82,TRUE,"9/7/2018 16:28","R_2TtqpjqbEbl5zpa",60.79170227,-145.6119995,0,0,"No","Yes",NA,"",NA,NA,"No or did not report","","",NA,"","","","",NA,"Less than 100% of the time",NA,NA,NA,NA,NA,NA,NA,NA,"","",1,87500,NA,"personal"
"361","9/7/2018 19:31","9/7/2018 19:33",100,105,TRUE,"9/7/2018 19:33","R_2pMjRbrYCSMNHWl",61.17770386,-149.6383972,0,0,"No","Yes",NA,"",NA,NA,"No or did not report","","",NA,"","","","",NA,"Less than 100% of the time",NA,NA,NA,NA,NA,NA,NA,NA,"","",1,87500,NA,"personal"
"362","9/7/2018 19:29","9/7/2018 19:42",100,739,TRUE,"9/7/2018 19:42","R_3EifyI418M4HTfn",61.145401,-149.7664032,0,0,"Yes","Yes","Yes","3",15,10,"No or did not report","","No",NA,"","","Yes","",39,"Less than 100% of the time",5,1,4,1,1,5,3,1,"Reporting: keeping an eye out for invasive plants and animals after each boat trip and report sightings?(Note, convenient and user-friendly reporting tools are available, such as smart phone apps.),Monitoring: a more involved protocol not only keeping an eye out for invasives but collecting water samples, etc.","gaveEmail",1,112500,"31-40","personal"
"363","9/7/2018 19:56","9/7/2018 19:56",100,35,TRUE,"9/7/2018 19:56","R_2w1eIKzrXNhNF1g",61.15939331,-149.8865051,0,0,"No","No",NA,"",NA,NA,"No or did not report","","",NA,"","","","",NA,"Less than 100% of the time",NA,NA,NA,NA,NA,NA,NA,NA,"","",1,87500,NA,"personal"
"364","9/7/2018 20:14","9/7/2018 20:42",100,1649,TRUE,"9/7/2018 20:42","R_ByzWO6c5NTnNd1D",63.66879272,-143.196106,0,0,"Yes","No","No","1",2,2,"No or did not report","","No",NA,"","","No","",71,"100% of the time",5,2,3,2,1,4,1,1,"","",1,12500,"71-80","personal"
"365","9/7/2018 23:51","9/8/2018 0:10",100,1136,TRUE,"9/8/2018 0:10","R_1gcnp8jCHfeopxU",61.52349854,-149.5747986,0,0,"Yes","No","No","2",42,2,"No or did not report","","No",NA,"","","No","",63,"100% of the time",4,2,4,4,3,2,2,4,"","gaveEmail",1,112500,"61-70","personal"
"366","9/8/2018 6:55","9/8/2018 6:57",100,133,TRUE,"9/8/2018 6:57","R_27sy4NwWkjxSyyo",30.06840515,-95.37270355,0,0,"No","No",NA,"",NA,NA,"No or did not report","","",NA,"","","","",NA,"Less than 100% of the time",NA,NA,NA,NA,NA,NA,NA,NA,"","",1,87500,NA,"personal"
"367","9/8/2018 9:20","9/8/2018 9:38",100,1083,TRUE,"9/8/2018 9:38","R_yWlBZ3icajQUsCt",64.90060425,-148.1613007,0,0.1,"Yes","No","Yes","3",12,5,"No or did not report","","No",NA,"","","No","",43,"100% of the time",4,2,3,2,1,5,5,3,"Reporting: keeping an eye out for invasive plants and animals after each boat trip and report sightings?(Note, convenient and user-friendly reporting tools are available, such as smart phone apps.),Monitoring: a more involved protocol not only keeping an eye out for invasives but collecting water samples, etc.","gaveEmail",0.9,87500,"41-50","personal"
"368","9/8/2018 10:17","9/8/2018 10:27",100,604,TRUE,"9/8/2018 10:27","R_3wVvak8N6Ih1QBj",61.60920715,-148.4656982,0,0,"Yes","No","No","2",35,10,"No or did not report","","No",NA,"","","No","",57,"100% of the time",5,1,5,5,1,5,3,1,"Reporting: keeping an eye out for invasive plants and animals after each boat trip and report sightings?(Note, convenient and user-friendly reporting tools are available, such as smart phone apps.)","gaveEmail",1,225000,"51-60","personal"
"369","9/8/2018 11:30","9/8/2018 11:45",100,934,TRUE,"9/8/2018 11:45","R_3KHGpYgPZDWU4rD",61.52349854,-149.5747986,0,0,"Yes","No","No","1",2,2,"No or did not report","","Yes",1996,"New","Indiana","No","",54,"100% of the time",5,2,4,4,4,4,5,4,"Reporting: keeping an eye out for invasive plants and animals after each boat trip and report sightings?(Note, convenient and user-friendly reporting tools are available, such as smart phone apps.),Monitoring: a more involved protocol not only keeping an eye out for invasives but collecting water samples, etc.,Outreach: connecting other boat operators and organizations","gaveEmail",1,175000,"51-60","personal"
"370","9/8/2018 18:18","9/8/2018 18:29",100,613,TRUE,"9/8/2018 18:29","R_yqqfVH4DNvWCmMp",44.05209351,-123.0867004,0,0,"Yes","No","No","3",NA,NA,"No or did not report","","No",NA,"","","No","",51,"Less than 100% of the time",5,5,5,5,5,5,5,5,"","",1,175000,"51-60","personal"
"371","9/8/2018 19:10","9/8/2018 19:11",100,81,TRUE,"9/8/2018 19:11","R_3fUbElGez4LtY8U",60.0552063,-149.3365021,0,0,"No","Yes",NA,"",NA,NA,"No or did not report","","",NA,"","","","",NA,"Less than 100% of the time",NA,NA,NA,NA,NA,NA,NA,NA,"","",1,87500,NA,"personal"
"372","9/8/2018 23:03","9/8/2018 23:14",100,678,TRUE,"9/8/2018 23:14","R_2AQCSfkBZ0GmMZh",61.60920715,-148.4656982,0,0,"Yes","No","No","3",20,5,"No or did not report","","No",NA,"","","No","",53,"Less than 100% of the time",4,2,4,2,3,4,4,3,"","",1,37500,"51-60","personal"
"373","9/9/2018 10:26","9/9/2018 10:27",100,43,TRUE,"9/9/2018 10:27","R_zeZK8TXHBS3QRkB",59.40390015,-151.3238983,0,0,"No","Yes",NA,"",NA,NA,"No or did not report","","",NA,"","","","",NA,"Less than 100% of the time",NA,NA,NA,NA,NA,NA,NA,NA,"","",1,87500,NA,"personal"
"374","9/9/2018 10:31","9/9/2018 10:39",100,452,TRUE,"9/9/2018 10:39","R_26bCPbnEmJk8CBQ",45.53770447,-122.6006012,0,0,"Yes","No",NA,"2",2,NA,"No or did not report","","Yes",2016,"Used","Oregon","No","",62,"Less than 100% of the time",5,1,4,3,3,3,3,5,"","gaveEmail",1,62500,"61-70","personal"
"375","9/9/2018 11:07","9/9/2018 11:09",100,100,TRUE,"9/9/2018 11:09","R_2tfJxqPFJmv1VOK",45.77200317,-110.9348984,0,0,"No","No",NA,"",NA,NA,"No or did not report","","",NA,"","","","",NA,"Less than 100% of the time",NA,NA,NA,NA,NA,NA,NA,NA,"","",1,87500,NA,"personal"
"376","9/9/2018 11:00","9/9/2018 11:10",100,603,TRUE,"9/9/2018 11:10","R_1OvFCSiuCJb8uhv",64.77830505,-147.3370972,0,0,"Yes","No","No","3",NA,NA,"No or did not report","","No",NA,"","","No","",55,"100% of the time",4,5,1,3,1,2,3,1,"","gaveEmail",1,87500,"51-60","personal"
"377","9/9/2018 13:00","9/9/2018 13:01",100,58,TRUE,"9/9/2018 13:01","R_1JIRXkbk661k8Ol",37.72169495,-122.4112015,0,0,"No","Yes",NA,"",NA,NA,"No or did not report","","",NA,"","","","",NA,"Less than 100% of the time",NA,NA,NA,NA,NA,NA,NA,NA,"","",1,87500,NA,"personal"
"378","9/9/2018 16:26","9/9/2018 16:27",100,32,TRUE,"9/9/2018 16:27","R_UPXaIJjyerV17DH",61.21490479,-149.2583008,0,0,"No","No",NA,"",NA,NA,"No or did not report","","",NA,"","","","",NA,"Less than 100% of the time",NA,NA,NA,NA,NA,NA,NA,NA,"","",1,87500,NA,"personal"
"379","9/9/2018 17:48","9/9/2018 17:49",100,68,TRUE,"9/9/2018 17:49","R_1BXBrXlPa68uYZk",32.85740662,-96.87059784,0,0,"No","Yes",NA,"",NA,NA,"No or did not report","","",NA,"","","","",NA,"Less than 100% of the time",NA,NA,NA,NA,NA,NA,NA,NA,"","",1,87500,NA,"personal"
"380","9/9/2018 21:59","9/9/2018 22:09",100,568,TRUE,"9/9/2018 22:09","R_27J4urYFG6Q6vFX",61.17770386,-149.6383972,0,0,"Yes","No","No","2",5,5,"No or did not report","","No",NA,"","","No","",55,"100% of the time",5,NA,5,NA,NA,5,NA,NA,"","",1,62500,"51-60","personal"
"381","9/10/2018 8:16","9/10/2018 8:17",100,70,TRUE,"9/10/2018 8:17","R_1mlrjgwOVOqnxdx",61.52349854,-149.5747986,0,0,"No","No",NA,"",NA,NA,"No or did not report","","",NA,"","","","",NA,"Less than 100% of the time",NA,NA,NA,NA,NA,NA,NA,NA,"","",1,87500,NA,"personal"
"382","9/10/2018 8:51","9/10/2018 8:51",100,8,TRUE,"9/10/2018 8:51","R_245y7jHCghAwXGF",61.2059021,-149.8231964,0,0,"No","No",NA,"",NA,NA,"No or did not report","","",NA,"","","","",NA,"Less than 100% of the time",NA,NA,NA,NA,NA,NA,NA,NA,"","",1,87500,NA,"personal"
"383","9/10/2018 9:21","9/10/2018 9:34",100,796,TRUE,"9/10/2018 9:34","R_29KyVfJ4CGTRosN",61.18859863,-149.8878021,0,0,"Yes","No","No","2",5,5,"No or did not report","","No",NA,"","","No","",48,"100% of the time",5,1,1,1,1,3,5,3,"Reporting: keeping an eye out for invasive plants and animals after each boat trip and report sightings?(Note, convenient and user-friendly reporting tools are available, such as smart phone apps.),Monitoring: a more involved protocol not only keeping an eye out for invasives but collecting water samples, etc.","gaveEmail",1,87500,"41-50","personal"
"384","9/10/2018 10:26","9/10/2018 10:26",100,11,TRUE,"9/10/2018 10:26","R_3I5e9C4MjS5ajS8",61.2059021,-149.8231964,0,0,"No","No",NA,"",NA,NA,"No or did not report","","",NA,"","","","",NA,"Less than 100% of the time",NA,NA,NA,NA,NA,NA,NA,NA,"","",1,87500,NA,"personal"
"385","9/10/2018 10:33","9/10/2018 10:33",100,10,TRUE,"9/10/2018 10:33","R_80QDUkBTJlXnVux",61.2059021,-149.8231964,0,0,"No","Yes",NA,"",NA,NA,"No or did not report","","",NA,"","","","",NA,"Less than 100% of the time",NA,NA,NA,NA,NA,NA,NA,NA,"","",1,87500,NA,"personal"
"386","9/10/2018 12:06","9/10/2018 12:11",100,310,TRUE,"9/10/2018 12:11","R_1KehyvBpHRfmoVw",64.09370422,-160.3654938,0,0,"Yes","No","No","2",20,10,"No or did not report","","No",NA,"","","No","",52,"Less than 100% of the time",5,1,1,3,1,4,2,4,"","",1,137500,"51-60","personal"
"387","9/10/2018 13:17","9/10/2018 13:18",100,50,TRUE,"9/10/2018 13:18","R_2f1kBHxV2PQhrrq",61.21490479,-149.2583008,0,0,"No","Yes",NA,"",NA,NA,"No or did not report","","",NA,"","","","",NA,"Less than 100% of the time",NA,NA,NA,NA,NA,NA,NA,NA,"","",1,87500,NA,"personal"
"388","9/4/2018 5:35","9/10/2018 13:26",100,546658,TRUE,"9/10/2018 13:26","R_tYesVY6PYtsqGwF",61.17770386,-149.6383972,0,0,"Yes","No","No","1",200,130,"No or did not report","","No",NA,"","","No","",54,"Less than 100% of the time",4,2,5,1,2,5,5,3,"Reporting: keeping an eye out for invasive plants and animals after each boat trip and report sightings?(Note, convenient and user-friendly reporting tools are available, such as smart phone apps.),Monitoring: a more involved protocol not only keeping an eye out for invasives but collecting water samples, etc.","gaveEmail",1,112500,"51-60","personal"
"389","9/10/2018 13:37","9/10/2018 13:38",100,17,TRUE,"9/10/2018 13:38","R_1liYlwFMMr858IR",58.58129883,-134.7698059,0,0,"No","No",NA,"",NA,NA,"No or did not report","","",NA,"","","","",NA,"Less than 100% of the time",NA,NA,NA,NA,NA,NA,NA,NA,"","",1,87500,NA,"personal"
"390","9/10/2018 13:51","9/10/2018 13:58",100,433,TRUE,"9/10/2018 13:58","R_3Ey9m4aeWszuwNB",61.15939331,-149.8865051,0,0,"Yes","Yes","No","4",NA,NA,"No or did not report","","No",NA,"","","No","",38,"100% of the time",NA,NA,NA,NA,NA,NA,NA,NA,"","",1,62500,"31-40","personal"
"391","9/10/2018 14:07","9/10/2018 14:09",100,93,TRUE,"9/10/2018 14:09","R_AguHxethW1ni5iN",48.956604,-122.4324951,0,0,"No","No",NA,"",NA,NA,"No or did not report","","",NA,"","","","",NA,"Less than 100% of the time",NA,NA,NA,NA,NA,NA,NA,NA,"","",1,87500,NA,"personal"
"392","9/10/2018 15:31","9/10/2018 15:51",100,1178,TRUE,"9/10/2018 15:51","R_sNg8o1nF2QuinG9",19.71080017,-155.8739929,0,0,"No","No",NA,"",NA,NA,"No or did not report","","",NA,"","","","",NA,"Less than 100% of the time",NA,NA,NA,NA,NA,NA,NA,NA,"","",1,87500,NA,"personal"
"393","9/10/2018 15:50","9/10/2018 15:51",100,67,TRUE,"9/10/2018 15:51","R_3O0LTgZPPPG7X8Y",55.61529541,-131.5848083,0,0,"No","No",NA,"",NA,NA,"No or did not report","","",NA,"","","","",NA,"Less than 100% of the time",NA,NA,NA,NA,NA,NA,NA,NA,"","",1,87500,NA,"personal"
"394","9/10/2018 16:15","9/10/2018 16:25",100,639,TRUE,"9/10/2018 16:25","R_2fGSQqqOxwPlBMG",37.75100708,-97.8219986,0,0,"Yes","","No","1",10,3,"No or did not report","","No",NA,"","","No","",38,"Less than 100% of the time",5,1,5,5,2,3,5,3,"Reporting: keeping an eye out for invasive plants and animals after each boat trip and report sightings?(Note, convenient and user-friendly reporting tools are available, such as smart phone apps.)","gaveEmail",1,62500,"31-40","personal"
"395","9/10/2018 18:49","9/10/2018 18:51",100,141,TRUE,"9/10/2018 18:51","R_2QXuwMtt2qdcuZQ",60.66059875,-150.9060059,0,0,"No","No",NA,"",NA,NA,"No or did not report","","",NA,"","","","",NA,"Less than 100% of the time",NA,NA,NA,NA,NA,NA,NA,NA,"","",1,87500,NA,"personal"
"396","9/10/2018 18:54","9/10/2018 18:54",100,38,TRUE,"9/10/2018 18:54","R_3dPQ6M5BXXdJkJR",61.5809021,-149.4414978,0,0,"No","No",NA,"",NA,NA,"No or did not report","","",NA,"","","","",NA,"Less than 100% of the time",NA,NA,NA,NA,NA,NA,NA,NA,"","",1,87500,NA,"personal"
"397","9/10/2018 19:15","9/10/2018 19:30",100,904,TRUE,"9/10/2018 19:30","R_YRLVMcERiuUPJ29",61.16369629,-149.9916992,0,0,"Yes","Yes","No","2",15,15,"No or did not report","","No",NA,"","","No","",57,"100% of the time",5,1,1,1,1,1,5,1,"","gaveEmail",1,87500,"51-60","personal"
"398","9/10/2018 19:54","9/10/2018 19:55",100,82,TRUE,"9/10/2018 19:55","R_3CK0pgsb3nECCiD",37.80470276,-122.2124023,0,0,"No","Yes",NA,"",NA,NA,"No or did not report","","",NA,"","","","",NA,"Less than 100% of the time",NA,NA,NA,NA,NA,NA,NA,NA,"","",1,87500,NA,"personal"
"399","9/11/2018 9:56","9/11/2018 9:56",100,9,TRUE,"9/11/2018 9:56","R_3oGzLFSgcho5cA6",61.2059021,-149.8231964,0,0,"No","No",NA,"",NA,NA,"No or did not report","","",NA,"","","","",NA,"Less than 100% of the time",NA,NA,NA,NA,NA,NA,NA,NA,"","",1,87500,NA,"personal"
"400","9/11/2018 9:57","9/11/2018 9:57",100,14,TRUE,"9/11/2018 9:57","R_1nOx6xHQVuAAZys",61.2059021,-149.8231964,0,0,"No","No",NA,"",NA,NA,"No or did not report","","",NA,"","","","",NA,"Less than 100% of the time",NA,NA,NA,NA,NA,NA,NA,NA,"","",1,87500,NA,"personal"
"401","9/11/2018 9:58","9/11/2018 9:58",100,9,TRUE,"9/11/2018 9:58","R_2BlpMqxaJBnrLHY",61.2059021,-149.8231964,0,0,"No","No",NA,"",NA,NA,"No or did not report","","",NA,"","","","",NA,"Less than 100% of the time",NA,NA,NA,NA,NA,NA,NA,NA,"","",1,87500,NA,"personal"
"402","9/11/2018 11:43","9/11/2018 11:50",100,376,TRUE,"9/11/2018 11:50","R_2dha75XtWSGTAaa",59.06190491,-160.3764038,0,0,"Yes","Yes","No","3",20,20,"No or did not report","","No",NA,"","","No","",46,"100% of the time",5,3,5,3,4,4,4,5,"Reporting: keeping an eye out for invasive plants and animals after each boat trip and report sightings?(Note, convenient and user-friendly reporting tools are available, such as smart phone apps.)","gaveEmail",1,137500,"41-50","personal"
"403","9/11/2018 11:48","9/11/2018 12:06",100,1125,TRUE,"9/11/2018 12:06","R_3OkpVeGx1yziiCv",61.52349854,-149.5747986,0,0,"Yes","Yes","No","1",25,25,"No or did not report","","No",NA,"","","No","",68,"Less than 100% of the time",5,NA,5,5,3,5,5,3,"","gaveEmail",1,62500,"61-70","personal"
"404","9/11/2018 12:29","9/11/2018 12:30",100,35,TRUE,"9/11/2018 12:30","R_3iIjiWlFRAkh6Ln",40.88040161,-111.8233032,1,0,"No","Yes",NA,"",NA,NA,"No or did not report","","",NA,"","","","",NA,"Less than 100% of the time",NA,NA,NA,NA,NA,NA,NA,NA,"","",0,87500,NA,"commercial"
"405","9/11/2018 12:42","9/11/2018 12:43",100,71,TRUE,"9/11/2018 12:43","R_3EaG9NeNaclMoU7",38.667099,-121.3526993,0,0,"No","Yes",NA,"",NA,NA,"No or did not report","","",NA,"","","","",NA,"Less than 100% of the time",NA,NA,NA,NA,NA,NA,NA,NA,"","",1,87500,NA,"personal"
"406","9/11/2018 14:52","9/11/2018 15:08",100,973,TRUE,"9/11/2018 15:08","R_3Eb8XV81BMcHRjJ",57.15879822,-154.0800018,0,0,"Yes","Yes","No","0",NA,NA,"No or did not report","","No",NA,"","","No","",63,"Less than 100% of the time",5,3,5,3,3,5,4,5,"Reporting: keeping an eye out for invasive plants and animals after each boat trip and report sightings?(Note, convenient and user-friendly reporting tools are available, such as smart phone apps.)","gaveEmail",1,37500,"61-70","personal"
"407","9/11/2018 16:38","9/11/2018 16:39",100,32,TRUE,"9/11/2018 16:39","R_2t6kBUTSC6Z3RFT",61.2059021,-149.8231964,0,0,"No","No",NA,"",NA,NA,"No or did not report","","",NA,"","","","",NA,"Less than 100% of the time",NA,NA,NA,NA,NA,NA,NA,NA,"","",1,87500,NA,"personal"
"408","9/11/2018 16:45","9/11/2018 16:48",100,167,TRUE,"9/11/2018 16:48","R_27Wr8B5JD1Cl5QC",61.21490479,-149.2583008,0,0,"No","Yes",NA,"",NA,NA,"No or did not report","","",NA,"","","","",NA,"Less than 100% of the time",NA,NA,NA,NA,NA,NA,NA,NA,"","",1,87500,NA,"personal"
"409","9/11/2018 18:15","9/11/2018 18:16",100,50,TRUE,"9/11/2018 18:16","R_2QJlDzR5amEmOnM",61.08070374,-149.7091064,0,0,"No","Yes",NA,"",NA,NA,"No or did not report","","",NA,"","","","",NA,"Less than 100% of the time",NA,NA,NA,NA,NA,NA,NA,NA,"","",1,87500,NA,"personal"
"410","9/11/2018 20:49","9/11/2018 20:50",100,72,TRUE,"9/11/2018 20:50","R_1C1SyRoUGnfnB3G",59.40390015,-151.3238983,0,0,"No","Yes",NA,"",NA,NA,"No or did not report","","",NA,"","","","",NA,"Less than 100% of the time",NA,NA,NA,NA,NA,NA,NA,NA,"","",1,87500,NA,"personal"
"411","9/11/2018 21:35","9/11/2018 21:43",100,479,TRUE,"9/11/2018 21:43","R_sStiNH0UOFCUErT",61.2059021,-149.8231964,0,0,"No","Yes",NA,"",NA,NA,"No or did not report","","",NA,"","","","",NA,"Less than 100% of the time",NA,NA,NA,NA,NA,NA,NA,NA,"","",1,87500,NA,"personal"
"412","9/11/2018 22:32","9/11/2018 22:33",100,74,TRUE,"9/11/2018 22:33","R_RnvsIuhrHSPsaTn",57.0585022,-132.627594,0,0.1,"No","Yes",NA,"",NA,NA,"No or did not report","","",NA,"","","","",NA,"Less than 100% of the time",NA,NA,NA,NA,NA,NA,NA,NA,"","",0.9,87500,NA,"personal"
"413","9/11/2018 22:38","9/11/2018 22:49",100,692,TRUE,"9/11/2018 22:49","R_1rGJUShXKgtf2fs",61.18859863,-149.8878021,0,0,"Yes","No","Yes","4",100,50,"No or did not report","","No",NA,"","","No","",35,"Less than 100% of the time",5,2,4,3,2,5,5,2,"Reporting: keeping an eye out for invasive plants and animals after each boat trip and report sightings?(Note, convenient and user-friendly reporting tools are available, such as smart phone apps.)","",1,112500,"31-40","personal"
"414","9/11/2018 23:38","9/11/2018 23:45",100,455,TRUE,"9/11/2018 23:45","R_3DtEXuA6cO0Sejr",61.18859863,-149.8878021,0,0,"Yes","Yes","No","2",15,10,"No or did not report","","Yes",2010,"Used","Washington","Yes","",42,"100% of the time",5,NA,2,1,3,5,3,1,"","",1,137500,"41-50","personal"
"415","9/12/2018 11:33","9/12/2018 11:34",100,71,TRUE,"9/12/2018 11:34","R_1IrTgsfqhQ6FFyI",61.60920715,-148.4656982,0,0,"No","No",NA,"",NA,NA,"No or did not report","","",NA,"","","","",NA,"Less than 100% of the time",NA,NA,NA,NA,NA,NA,NA,NA,"","",1,87500,NA,"personal"
"416","9/12/2018 11:46","9/12/2018 11:48",100,105,TRUE,"9/12/2018 11:48","R_RIFbTXZeNcfWqJP",60.32080078,-150.7989044,0,0,"No","Yes",NA,"",NA,NA,"No or did not report","","",NA,"","","","",NA,"Less than 100% of the time",NA,NA,NA,NA,NA,NA,NA,NA,"","",1,87500,NA,"personal"
"417","9/12/2018 12:51","9/12/2018 13:11",100,1207,TRUE,"9/12/2018 13:11","R_21j2svcwQ7Ayy6R",61.2059021,-149.8231964,0,0,"Yes","No","No","3",5,5,"No or did not report","","No",NA,"","","No","",70,"Less than 100% of the time",5,1,3,3,3,4,3,1,"","gaveEmail",1,112500,"61-70","personal"
"418","9/12/2018 14:41","9/12/2018 14:41",100,35,TRUE,"9/12/2018 14:41","R_3h5CKQMZ1PzfZq0",47.48910522,-122.290802,0,0,"No","Yes",NA,"",NA,NA,"No or did not report","","",NA,"","","","",NA,"Less than 100% of the time",NA,NA,NA,NA,NA,NA,NA,NA,"","",1,87500,NA,"personal"
"419","9/12/2018 15:03","9/12/2018 15:21",100,1093,TRUE,"9/12/2018 15:21","R_AopMuvmrJIuYJmp",61.21809387,-149.9002991,0,0,"Yes","No","No","2",30,20,"No or did not report","","No",NA,"","","No","",57,"Less than 100% of the time",4,2,3,3,3,5,3,2,"","gaveEmail",1,112500,"51-60","personal"
"420","9/12/2018 15:38","9/12/2018 15:39",100,63,TRUE,"9/12/2018 15:39","R_2CNbBjJAwM4Lria",55.61529541,-131.5848083,0,0,"No","Yes",NA,"",NA,NA,"No or did not report","","",NA,"","","","",NA,"Less than 100% of the time",NA,NA,NA,NA,NA,NA,NA,NA,"","",1,87500,NA,"personal"
"421","9/12/2018 15:58","9/12/2018 15:59",100,72,TRUE,"9/12/2018 15:59","R_1Dqz4WXymagCDMk",61.145401,-149.7664032,0,0,"No","No",NA,"",NA,NA,"No or did not report","","",NA,"","","","",NA,"Less than 100% of the time",NA,NA,NA,NA,NA,NA,NA,NA,"","",1,87500,NA,"personal"
"422","9/12/2018 16:30","9/12/2018 16:42",100,663,TRUE,"9/12/2018 16:42","R_2xDWa1QnNHRYgJM",61.15939331,-149.8865051,0,0,"Yes","No","No","4",7,4,"No or did not report","","No",NA,"","","Yes","gaveEmail",58,"100% of the time",5,3,5,3,3,5,5,3,"","gaveEmail",1,112500,"51-60","personal"
"423","9/12/2018 17:07","9/12/2018 17:30",100,1393,TRUE,"9/12/2018 17:30","R_1GKwrzIZ1rfAvdH",64.77830505,-147.3370972,0,0,"Yes","Yes","Yes","2",25,3,"No or did not report","","No",NA,"","","No","",49,"100% of the time",5,NA,5,NA,NA,NA,NA,NA,"Reporting: keeping an eye out for invasive plants and animals after each boat trip and report sightings?(Note, convenient and user-friendly reporting tools are available, such as smart phone apps.),Monitoring: a more involved protocol not only keeping an eye out for invasives but collecting water samples, etc.","gaveEmail",1,112500,"41-50","personal"
"424","9/12/2018 17:37","9/12/2018 17:48",100,628,TRUE,"9/12/2018 17:48","R_SHL8QmAyNxgklHz",57.0585022,-132.627594,0,0,"Yes","Yes","No","1",35,35,"No or did not report","","No",NA,"","","No","",67,"100% of the time",NA,NA,NA,NA,NA,5,NA,5,"Reporting: keeping an eye out for invasive plants and animals after each boat trip and report sightings?(Note, convenient and user-friendly reporting tools are available, such as smart phone apps.),Monitoring: a more involved protocol not only keeping an eye out for invasives but collecting water samples, etc.","gaveEmail",1,87500,"61-70","personal"
"425","9/12/2018 18:16","9/12/2018 18:28",100,737,TRUE,"9/12/2018 18:28","R_20ZZWECx00wTyqU",42.272995,-83.59940338,0,0,"Yes","Yes","No","3",20,30,"No or did not report","","Yes",2006,"Used","California","No","",45,"Less than 100% of the time",1,3,3,2,1,5,5,4,"Reporting: keeping an eye out for invasive plants and animals after each boat trip and report sightings?(Note, convenient and user-friendly reporting tools are available, such as smart phone apps.),Monitoring: a more involved protocol not only keeping an eye out for invasives but collecting water samples, etc.","gaveEmail",1,37500,"41-50","personal"
"426","9/12/2018 18:21","9/12/2018 18:50",100,1771,TRUE,"9/12/2018 18:50","R_2BgkSk24bGq1JA5",61.59939575,-149.1145935,0,0,"Yes","Yes","No","1",40,5,"No or did not report","","No",NA,"","","No","",61,"100% of the time",1,1,2,3,5,2,1,3,"Reporting: keeping an eye out for invasive plants and animals after each boat trip and report sightings?(Note, convenient and user-friendly reporting tools are available, such as smart phone apps.),Monitoring: a more involved protocol not only keeping an eye out for invasives but collecting water samples, etc.,Decontamination: developing best practices guide","gaveEmail",1,62500,"61-70","personal"
"427","9/12/2018 19:14","9/12/2018 19:36",100,1327,TRUE,"9/12/2018 19:36","R_1Ea48O0AaK4eYdS",61.08070374,-149.7091064,0,0,"Yes","No","No","1",1,0,"No or did not report","","No",NA,"","","No","",62,"100% of the time",5,4,4,1,1,1,4,1,"","",1,137500,"61-70","personal"
"428","9/12/2018 21:26","9/12/2018 21:27",100,50,TRUE,"9/12/2018 21:27","R_2z84PY2ncrRhwTG",60.0552063,-149.3365021,0,0,"No","Yes",NA,"",NA,NA,"No or did not report","","",NA,"","","","",NA,"Less than 100% of the time",NA,NA,NA,NA,NA,NA,NA,NA,"","",1,87500,NA,"personal"
"429","9/12/2018 22:24","9/12/2018 22:25",100,56,TRUE,"9/12/2018 22:25","R_27mwVnFPaVAhLKh",64.77830505,-147.3370972,1,0,"No","Yes",NA,"",NA,NA,"No or did not report","","",NA,"","","","",NA,"Less than 100% of the time",NA,NA,NA,NA,NA,NA,NA,NA,"","",0,87500,NA,"commercial"
"430","9/13/2018 0:18","9/13/2018 0:28",100,620,TRUE,"9/13/2018 0:28","R_3noomGuLpEmROMt",61.145401,-149.7664032,0,0,"Yes","Yes","No","3",10,5,"No or did not report","","No",NA,"","","No","",43,"100% of the time",5,3,5,2,2,2,5,1,"Reporting: keeping an eye out for invasive plants and animals after each boat trip and report sightings?(Note, convenient and user-friendly reporting tools are available, such as smart phone apps.),Monitoring: a more involved protocol not only keeping an eye out for invasives but collecting water samples, etc.,Decontamination: conducting training and workshops","gaveEmail",1,87500,"41-50","personal"
"431","9/13/2018 2:45","9/13/2018 3:08",100,1400,TRUE,"9/13/2018 3:08","R_1LhWTIIM7GH1SvV",60.32080078,-150.7989044,0,0,"Yes","Yes","No","3",50,8,"No or did not report","","No",NA,"","","Yes","gaveEmail",29,"Less than 100% of the time",5,3,3,3,3,4,5,3,"","gaveEmail",1,137500,"21-30","personal"
"432","9/13/2018 5:36","9/13/2018 5:38",100,117,TRUE,"9/13/2018 5:38","R_UxLDoYHoy3voPdv",61.11199951,-149.9044037,0,0,"No","Yes",NA,"",NA,NA,"No or did not report","","",NA,"","","","",NA,"Less than 100% of the time",NA,NA,NA,NA,NA,NA,NA,NA,"","",1,87500,NA,"personal"
"433","9/13/2018 7:42","9/13/2018 8:02",100,1207,TRUE,"9/13/2018 8:02","R_3Nwgq6E2xGhk6PY",61.52349854,-149.5747986,0,0,"Yes","Yes","No","5",30,20,"No or did not report","","No",NA,"","","","",NA,"100% of the time",5,2,2,1,1,5,1,1,"","gaveEmail",1,87500,NA,"personal"
"434","9/13/2018 7:51","9/13/2018 8:05",100,842,TRUE,"9/13/2018 8:05","R_2OIqcARhGnw6aWQ",55.61529541,-131.5848083,0,0,"Yes","Yes","No","2",20000,20000,"No or did not report","","Yes",2001,"New","Idaho","Yes","",67,"100% of the time",NA,NA,NA,NA,NA,NA,NA,NA,"","gaveEmail",1,137500,"61-70","personal"
"435","9/13/2018 8:34","9/13/2018 8:46",100,688,TRUE,"9/13/2018 8:46","R_XFF4ooZ0iBmoC5j",64.83779907,-147.7164001,0,0,"Yes","Yes","No","2",15,5,"No or did not report","","Yes",2013,"Used","Colorado","No","",54,"100% of the time",5,1,5,2,2,4,5,1,"","gaveEmail",1,175000,"51-60","personal"
"436","9/13/2018 8:57","9/13/2018 9:07",100,575,TRUE,"9/13/2018 9:07","R_3rf6lxkXAFYIP3r",60.32080078,-150.7989044,0,0,"Yes","No","No","",13,10,"No or did not report","","No",NA,"","","No","",41,"Less than 100% of the time",4,NA,NA,NA,NA,NA,NA,NA,"","gaveEmail",1,87500,"41-50","personal"
"437","9/13/2018 9:44","9/13/2018 9:51",100,364,TRUE,"9/13/2018 9:51","R_3PHJAVA5PsgskYs",61.22309875,-149.8527985,0,0,"Yes","No",NA,"1",20,20,"No or did not report","","No",NA,"","","No","",56,"100% of the time",5,1,5,5,5,3,5,1,"","gaveEmail",1,175000,"51-60","personal"
"438","9/13/2018 9:52","9/13/2018 9:54",100,115,TRUE,"9/13/2018 9:54","R_3POdvJ9Ym5Bcz7w",58.58129883,-134.7698059,0,0,"No","Yes",NA,"",NA,NA,"No or did not report","","",NA,"","","","",NA,"Less than 100% of the time",NA,NA,NA,NA,NA,NA,NA,NA,"","",1,87500,NA,"personal"
"439","9/13/2018 9:54","9/13/2018 10:05",100,667,TRUE,"9/13/2018 10:05","R_3VgSKzoHoU8WmIN",64.83779907,-147.7164001,0,0,"Yes","Yes","No","2",NA,NA,"No or did not report","","No",NA,"","","No","",53,"100% of the time",1,1,5,5,1,5,5,5,"","",1,62500,"51-60","personal"
"440","9/13/2018 10:21","9/13/2018 10:22",100,42,TRUE,"9/13/2018 10:22","R_3sByizWWtkkJ7HF",64.83779907,-147.7164001,0,0,"No","Yes",NA,"",NA,NA,"No or did not report","","",NA,"","","","",NA,"Less than 100% of the time",NA,NA,NA,NA,NA,NA,NA,NA,"","",1,87500,NA,"personal"
"441","9/13/2018 11:41","9/13/2018 11:48",100,375,TRUE,"9/13/2018 11:48","R_qwFcCDT9xqUtEDT",61.52349854,-149.5747986,1,0,"Yes","Yes",NA,"2",600,400,"No or did not report","","Yes",2012,"Used","California","No","",30,"Less than 100% of the time",1,1,3,4,3,5,5,4,"","",0,87500,"21-30","commercial"
"442","9/13/2018 11:42","9/13/2018 11:50",100,499,TRUE,"9/13/2018 11:50","R_2S8kPvdWSF6QFgU",64.8144989,-147.626297,0,0,"Yes","Yes","No","4",20,10,"No or did not report","","No",NA,"","","No","",65,"100% of the time",5,NA,NA,NA,5,NA,NA,NA,"","",1,112500,"61-70","personal"
"443","9/13/2018 13:13","9/13/2018 13:22",100,497,TRUE,"9/13/2018 13:22","R_33xvb2WMF5fDbp0",41.84829712,-87.65170288,0,0,"Yes","No","No","3",20,5,"No or did not report","","No",NA,"","","No","",35,"100% of the time",3,1,1,1,1,4,5,1,"Monitoring: a more involved protocol not only keeping an eye out for invasives but collecting water samples, etc.","gaveEmail",1,62500,"31-40","personal"
"444","9/13/2018 13:49","9/13/2018 13:51",100,157,TRUE,"9/13/2018 13:51","R_3JrpCbLa6gQlLz2",59.40390015,-151.3238983,0,0,"No","Yes",NA,"",NA,NA,"No or did not report","","",NA,"","","","",NA,"Less than 100% of the time",NA,NA,NA,NA,NA,NA,NA,NA,"","",1,87500,NA,"personal"
"445","9/13/2018 13:31","9/13/2018 14:00",100,1759,TRUE,"9/13/2018 14:00","R_3G3xHfLWZ3i84O9",57.0585022,-132.627594,0,0,"Yes","Yes","No","2",100,25,"No or did not report","","No",NA,"","","No","",70,"100% of the time",5,2,3,5,3,4,5,5,"Reporting: keeping an eye out for invasive plants and animals after each boat trip and report sightings?(Note, convenient and user-friendly reporting tools are available, such as smart phone apps.)","gaveEmail",1,137500,"61-70","personal"
"446","9/13/2018 15:32","9/13/2018 15:36",100,268,TRUE,"9/13/2018 15:36","R_1ptEkHcqMFhv6SQ",61.2059021,-149.8231964,0,0,"Yes","Yes","No","",NA,NA,"No or did not report","","No",NA,"","","","",NA,"Less than 100% of the time",NA,NA,NA,NA,NA,NA,NA,NA,"","",1,87500,NA,"personal"
"447","9/13/2018 15:39","9/13/2018 15:39",100,10,TRUE,"9/13/2018 15:39","R_2pS6oT9xuICBh9t",61.2059021,-149.8231964,0,0,"No","No",NA,"",NA,NA,"No or did not report","","",NA,"","","","",NA,"Less than 100% of the time",NA,NA,NA,NA,NA,NA,NA,NA,"","",1,87500,NA,"personal"
"448","9/13/2018 15:47","9/13/2018 15:48",100,8,TRUE,"9/13/2018 15:48","R_O392fflK5hg6pNL",61.2059021,-149.8231964,0,0,"No","No",NA,"",NA,NA,"No or did not report","","",NA,"","","","",NA,"Less than 100% of the time",NA,NA,NA,NA,NA,NA,NA,NA,"","",1,87500,NA,"personal"
"449","9/13/2018 15:56","9/13/2018 15:56",100,8,TRUE,"9/13/2018 15:56","R_0wkkJ7IBuDdYuEF",61.2059021,-149.8231964,0,0,"No","No",NA,"",NA,NA,"No or did not report","","",NA,"","","","",NA,"Less than 100% of the time",NA,NA,NA,NA,NA,NA,NA,NA,"","",1,87500,NA,"personal"
"450","9/13/2018 15:57","9/13/2018 15:58",100,50,TRUE,"9/13/2018 15:58","R_3oSY1u7YiuLvtQo",64.90060425,-148.1613007,0,0,"No","Yes",NA,"",NA,NA,"No or did not report","","",NA,"","","","",NA,"Less than 100% of the time",NA,NA,NA,NA,NA,NA,NA,NA,"","",1,87500,NA,"personal"
"451","9/13/2018 15:53","9/13/2018 15:59",100,333,TRUE,"9/13/2018 15:59","R_2qCY47EDoG64CEc",61.2059021,-149.8231964,0,0,"Yes","Yes","No","",NA,NA,"No or did not report","","No",NA,"","","","",NA,"Less than 100% of the time",NA,NA,NA,NA,NA,NA,NA,NA,"","",1,87500,NA,"personal"
"452","9/13/2018 15:40","9/13/2018 15:59",100,1120,TRUE,"9/13/2018 15:59","R_1E4HhnNCrgHs9mC",61.2059021,-149.8231964,0,0,"No","No",NA,"",NA,NA,"No or did not report","","",NA,"","","","",NA,"Less than 100% of the time",NA,NA,NA,NA,NA,NA,NA,NA,"","",1,87500,NA,"personal"
"453","9/13/2018 16:45","9/13/2018 16:46",100,51,TRUE,"9/13/2018 16:46","R_sZgLqMfxRJ2wYtH",58.58129883,-134.7698059,0,0,"No","Yes",NA,"",NA,NA,"No or did not report","","",NA,"","","","",NA,"Less than 100% of the time",NA,NA,NA,NA,NA,NA,NA,NA,"","",1,87500,NA,"personal"
"454","9/13/2018 17:09","9/13/2018 17:10",100,33,TRUE,"9/13/2018 17:10","R_21uLDc1bQ064G74",61.08070374,-149.7091064,0,0,"No","Yes",NA,"",NA,NA,"No or did not report","","",NA,"","","","",NA,"Less than 100% of the time",NA,NA,NA,NA,NA,NA,NA,NA,"","",1,87500,NA,"personal"
"455","9/13/2018 19:46","9/13/2018 19:47",100,55,TRUE,"9/13/2018 19:47","R_3EoLDVHZ9Fw06pu",55.9539032,-131.9611969,0,0,"No","Yes",NA,"",NA,NA,"No or did not report","","",NA,"","","","",NA,"Less than 100% of the time",NA,NA,NA,NA,NA,NA,NA,NA,"","",1,87500,NA,"personal"
"456","9/13/2018 20:27","9/13/2018 20:39",100,710,TRUE,"9/13/2018 20:39","R_2DZcZtKhzbo5oq0",61.11199951,-149.9044037,0,0,"Yes","No","No","3",2,2,"No or did not report","","No",NA,"","","No","",42,"Less than 100% of the time",3,1,3,3,5,3,5,3,"Reporting: keeping an eye out for invasive plants and animals after each boat trip and report sightings?(Note, convenient and user-friendly reporting tools are available, such as smart phone apps.),Monitoring: a more involved protocol not only keeping an eye out for invasives but collecting water samples, etc.","gaveEmail",1,87500,"41-50","personal"
"457","9/13/2018 20:38","9/13/2018 20:40",100,85,TRUE,"9/13/2018 20:40","R_2dos8bFU9W6CDYt",37.67449951,-122.0883026,0,0,"No","Yes",NA,"",NA,NA,"No or did not report","","",NA,"","","","",NA,"Less than 100% of the time",NA,NA,NA,NA,NA,NA,NA,NA,"","",1,87500,NA,"personal"
"458","9/13/2018 21:29","9/13/2018 21:31",100,174,TRUE,"9/13/2018 21:31","R_1C3XcmtFIaJksVt",58.58129883,-134.7698059,0,0,"No","Yes",NA,"",NA,NA,"No or did not report","","",NA,"","","","",NA,"Less than 100% of the time",NA,NA,NA,NA,NA,NA,NA,NA,"","",1,87500,NA,"personal"
"459","9/13/2018 22:41","9/13/2018 22:43",100,139,TRUE,"9/13/2018 22:43","R_1kU0T4JMbzYlsDn",61.08070374,-149.7091064,0,0,"No","Yes",NA,"",NA,NA,"No or did not report","","",NA,"","","","",NA,"Less than 100% of the time",NA,NA,NA,NA,NA,NA,NA,NA,"","",1,87500,NA,"personal"
"460","9/14/2018 1:50","9/14/2018 2:32",100,2542,TRUE,"9/14/2018 2:32","R_2P7MjhS8gJ8ukB9",56.73530579,-135.009201,0,0,"Yes","Yes","No","3",25,15,"No or did not report","","Yes",2017,"Used","Washington","No","",58,"Less than 100% of the time",5,2,2,2,2,5,2,5,"Reporting: keeping an eye out for invasive plants and animals after each boat trip and report sightings?(Note, convenient and user-friendly reporting tools are available, such as smart phone apps.)","gaveEmail",1,87500,"51-60","personal"
"461","9/14/2018 6:58","9/14/2018 7:16",100,1071,TRUE,"9/14/2018 7:16","R_11hJOuj02rUPlFe",61.52349854,-149.5747986,0,0,"Yes","No","No","3",24,18,"No or did not report","","No",NA,"","","No","",NA,"Less than 100% of the time",5,1,1,1,1,3,1,1,"Reporting: keeping an eye out for invasive plants and animals after each boat trip and report sightings?(Note, convenient and user-friendly reporting tools are available, such as smart phone apps.),Monitoring: a more involved protocol not only keeping an eye out for invasives but collecting water samples, etc.","gaveEmail",1,175000,NA,"personal"
"462","9/7/2018 12:02","9/14/2018 9:30",100,595714,TRUE,"9/14/2018 9:30","R_1E6iSZ6mQKSxpEv",61.22309875,-149.8527985,0,0,"Yes","Yes","No","2",45,25,"No or did not report","","No",NA,"","","No","",NA,"100% of the time",4,4,5,5,5,5,5,5,"","gaveEmail",1,87500,NA,"personal"
"463","9/14/2018 9:31","9/14/2018 9:33",100,101,TRUE,"9/14/2018 9:33","R_25MwThBOqSoNCId",61.145401,-149.7664032,0,0,"No","Yes",NA,"",NA,NA,"No or did not report","","",NA,"","","","",NA,"Less than 100% of the time",NA,NA,NA,NA,NA,NA,NA,NA,"","",1,87500,NA,"personal"
"464","9/14/2018 10:20","9/14/2018 10:29",100,550,TRUE,"9/14/2018 10:29","R_8cfsMdscwX0jmFj",61.145401,-149.7664032,0,0,"Yes","Yes","No","1",10,5,"No or did not report","","Yes",2015,"Used","Washington","No","",71,"100% of the time",4,1,4,1,1,3,4,4,"","gaveEmail",1,62500,"71-80","personal"
"465","9/14/2018 10:25","9/14/2018 10:38",100,758,TRUE,"9/14/2018 10:38","R_3G0WjD8SuGrV5LJ",64.8184967,-147.7216034,0,0,"Yes","No","No","3",25,25,"No or did not report","","No",NA,"","","No","",65,"Less than 100% of the time",NA,NA,NA,NA,NA,NA,NA,NA,"","",1,87500,"61-70","personal"
"466","9/14/2018 13:06","9/14/2018 13:07",100,33,TRUE,"9/14/2018 13:07","R_3G3qD2xCNVJXLvi",55.61529541,-131.5848083,0,0,"No","Yes",NA,"",NA,NA,"No or did not report","","",NA,"","","","",NA,"Less than 100% of the time",NA,NA,NA,NA,NA,NA,NA,NA,"","",1,87500,NA,"personal"
"467","9/14/2018 15:22","9/14/2018 15:32",100,604,TRUE,"9/14/2018 15:32","R_b9kztHLE9YjsvMR",64.90060425,-148.1613007,0,0,"Yes","No","No","1",25,25,"No or did not report","","No",NA,"","","No","",66,"100% of the time",5,NA,5,NA,5,NA,NA,NA,"Reporting: keeping an eye out for invasive plants and animals after each boat trip and report sightings?(Note, convenient and user-friendly reporting tools are available, such as smart phone apps.)","gaveEmail",1,87500,"61-70","personal"
"468","9/14/2018 15:39","9/14/2018 15:47",100,480,TRUE,"9/14/2018 15:47","R_2ccqwNIGOVCxi1y",71.28500366,-156.7819061,0,0,"Yes","Yes","No","5",20,10,"No or did not report","","No",NA,"","","No","",36,"100% of the time",5,5,5,5,5,5,5,5,"Reporting: keeping an eye out for invasive plants and animals after each boat trip and report sightings?(Note, convenient and user-friendly reporting tools are available, such as smart phone apps.),Monitoring: a more involved protocol not only keeping an eye out for invasives but collecting water samples, etc.,Outreach: connecting other boat operators and organizations,Decontamination: conducting training and workshops,Decontamination: developing best practices guide","gaveEmail",1,87500,"31-40","personal"
"469","9/14/2018 17:27","9/14/2018 17:28",100,44,TRUE,"9/14/2018 17:28","R_rdTkn0Qf03Bk8ed",64.83779907,-147.7164001,0,0,"No","Yes",NA,"",NA,NA,"No or did not report","","",NA,"","","","",NA,"Less than 100% of the time",NA,NA,NA,NA,NA,NA,NA,NA,"","",1,87500,NA,"personal"
"470","9/14/2018 18:09","9/14/2018 18:10",100,35,TRUE,"9/14/2018 18:10","R_BKu2TxCiNpEPJf3",64.90060425,-148.1613007,0,0,"No","No",NA,"",NA,NA,"No or did not report","","",NA,"","","","",NA,"Less than 100% of the time",NA,NA,NA,NA,NA,NA,NA,NA,"","",1,87500,NA,"personal"
"471","9/14/2018 22:11","9/14/2018 22:11",100,24,TRUE,"9/14/2018 22:11","R_1ptBw2xxPMkB2LP",61.17770386,-149.6383972,0,0,"No","Yes",NA,"",NA,NA,"No or did not report","","",NA,"","","","",NA,"Less than 100% of the time",NA,NA,NA,NA,NA,NA,NA,NA,"","",1,87500,NA,"personal"
"472","9/14/2018 23:36","9/14/2018 23:36",100,50,TRUE,"9/14/2018 23:36","R_3DtqNeuOoZ76SaF",61.59939575,-149.1145935,0,0,"No","No",NA,"",NA,NA,"No or did not report","","",NA,"","","","",NA,"Less than 100% of the time",NA,NA,NA,NA,NA,NA,NA,NA,"","",1,87500,NA,"personal"
"473","9/15/2018 3:54","9/15/2018 3:55",100,83,TRUE,"9/15/2018 3:55","R_YRBgwDNl9XoA4U1",56.73530579,-135.009201,0,0,"No","Yes",NA,"",NA,NA,"No or did not report","","",NA,"","","","",NA,"Less than 100% of the time",NA,NA,NA,NA,NA,NA,NA,NA,"","",1,87500,NA,"personal"
"474","9/15/2018 9:15","9/15/2018 9:16",100,62,TRUE,"9/15/2018 9:16","R_1Ks69X4OoYEaatv",58.58129883,-134.7698059,0,0,"No","No",NA,"",NA,NA,"No or did not report","","",NA,"","","","",NA,"Less than 100% of the time",NA,NA,NA,NA,NA,NA,NA,NA,"","",1,87500,NA,"personal"
"475","9/15/2018 13:43","9/15/2018 13:43",100,25,TRUE,"9/15/2018 13:43","R_1OTUp4XU0Ul7hAi",57.15879822,-154.0800018,0,0,"No","Yes",NA,"",NA,NA,"No or did not report","","",NA,"","","","",NA,"Less than 100% of the time",NA,NA,NA,NA,NA,NA,NA,NA,"","",1,87500,NA,"personal"
"476","9/15/2018 15:27","9/15/2018 15:28",100,44,TRUE,"9/15/2018 15:28","R_3n4Q0SOxYAZ3YMp",38.667099,-121.3526993,0,0,"No","No",NA,"",NA,NA,"No or did not report","","",NA,"","","","",NA,"Less than 100% of the time",NA,NA,NA,NA,NA,NA,NA,NA,"","",1,87500,NA,"personal"
"477","9/15/2018 20:15","9/15/2018 20:16",100,76,TRUE,"9/15/2018 20:16","R_AnhhqNnOM65RGEx",48.18530273,-121.6777954,0,0,"No","No",NA,"",NA,NA,"No or did not report","","",NA,"","","","",NA,"Less than 100% of the time",NA,NA,NA,NA,NA,NA,NA,NA,"","",1,87500,NA,"personal"
"478","9/15/2018 15:33","9/15/2018 21:24",100,21064,TRUE,"9/15/2018 21:24","R_2dtD2fcgNzJiyC8",64.90060425,-148.1613007,0,0,"No","No",NA,"",NA,NA,"No or did not report","","",NA,"","","","",NA,"Less than 100% of the time",NA,NA,NA,NA,NA,NA,NA,NA,"","",1,87500,NA,"personal"
"479","9/15/2018 22:40","9/15/2018 22:59",100,1160,TRUE,"9/15/2018 22:59","R_837sOnt3GMrUKA1",61.17770386,-149.6383972,0,0,"Yes","No","Yes","3",20,20,"No or did not report","","No",NA,"","","No","",49,"100% of the time",5,4,5,3,3,4,5,5,"","gaveEmail",1,62500,"41-50","personal"
"480","9/16/2018 8:28","9/16/2018 8:30",100,81,TRUE,"9/16/2018 8:30","R_1cYujJ1q71zTUHn",43.20489502,-124.1220016,0,0,"No","No",NA,"",NA,NA,"No or did not report","","",NA,"","","","",NA,"Less than 100% of the time",NA,NA,NA,NA,NA,NA,NA,NA,"","",1,87500,NA,"personal"
"481","9/16/2018 9:24","9/16/2018 9:25",100,59,TRUE,"9/16/2018 9:25","R_22QvuewqVqXLu2b",43.27789307,-112.5626984,0,0,"No","No",NA,"",NA,NA,"No or did not report","","",NA,"","","","",NA,"Less than 100% of the time",NA,NA,NA,NA,NA,NA,NA,NA,"","",1,87500,NA,"personal"
"482","9/16/2018 9:27","9/16/2018 9:29",100,64,TRUE,"9/16/2018 9:29","R_2QYsrlGYHFxatxq",61.21809387,-149.9002991,0,0,"No","Yes",NA,"",NA,NA,"No or did not report","","",NA,"","","","",NA,"Less than 100% of the time",NA,NA,NA,NA,NA,NA,NA,NA,"","",1,87500,NA,"personal"
"483","9/8/2018 15:29","9/16/2018 9:29",100,669589,TRUE,"9/16/2018 9:29","R_1kMQmQ8dY1mDorE",34.05439758,-118.2440033,0,0,"Yes","No","No","2",60,40,"No or did not report","","No",NA,"","","No","",52,"100% of the time",5,4,4,1,1,4,3,1,"","gaveEmail",1,62500,"51-60","personal"
"484","9/16/2018 9:42","9/16/2018 9:43",100,74,TRUE,"9/16/2018 9:43","R_XZjfbLcq2C365vb",59.16090393,-135.868103,0,0,"No","Yes",NA,"",NA,NA,"No or did not report","","",NA,"","","","",NA,"Less than 100% of the time",NA,NA,NA,NA,NA,NA,NA,NA,"","",1,87500,NA,"personal"
"485","9/16/2018 10:36","9/16/2018 10:36",100,33,TRUE,"9/16/2018 10:36","R_27QgDkAkNxkrTDT",61.11199951,-149.9044037,0,0,"No","Yes",NA,"",NA,NA,"No or did not report","","",NA,"","","","",NA,"Less than 100% of the time",NA,NA,NA,NA,NA,NA,NA,NA,"","",1,87500,NA,"personal"
"486","9/16/2018 11:32","9/16/2018 11:33",100,48,TRUE,"9/16/2018 11:33","R_1M3sPkbe41qjhCO",61.40649414,-145.6669922,0,0,"No","Yes",NA,"",NA,NA,"No or did not report","","",NA,"","","","",NA,"Less than 100% of the time",NA,NA,NA,NA,NA,NA,NA,NA,"","",1,87500,NA,"personal"
"487","9/16/2018 11:23","9/16/2018 11:33",100,618,TRUE,"9/16/2018 11:33","R_32Pm546zY2PZ9mT",61.22309875,-149.8527985,0,0,"Yes","No","No","4",16,10,"No or did not report","","No",NA,"","","No","",59,"100% of the time",5,4,4,4,1,3,4,5,"Monitoring: a more involved protocol not only keeping an eye out for invasives but collecting water samples, etc.","gaveEmail",1,87500,"51-60","personal"
"488","9/16/2018 12:01","9/16/2018 12:01",100,25,TRUE,"9/16/2018 12:01","R_1Cyc9Id3V0XhuE6",57.0585022,-132.627594,0,0,"No","Yes",NA,"",NA,NA,"No or did not report","","",NA,"","","","",NA,"Less than 100% of the time",NA,NA,NA,NA,NA,NA,NA,NA,"","",1,87500,NA,"personal"
"489","9/16/2018 12:08","9/16/2018 12:23",100,929,TRUE,"9/16/2018 12:23","R_shilH77W3W7zVM5",58.58129883,-134.7698059,0,0,"Yes","Yes","No","4",30,6,"No or did not report","","No",NA,"","","No","",47,"100% of the time",5,4,4,3,3,5,NA,4,"","gaveEmail",1,87500,"41-50","personal"
"490","9/16/2018 12:30","9/16/2018 12:31",100,68,TRUE,"9/16/2018 12:31","R_3lKc1qv9WXBccve",58.58129883,-134.7698059,0,0,"No","No",NA,"",NA,NA,"No or did not report","","",NA,"","","","",NA,"Less than 100% of the time",NA,NA,NA,NA,NA,NA,NA,NA,"","",1,87500,NA,"personal"
"491","9/16/2018 13:26","9/16/2018 13:27",100,50,TRUE,"9/16/2018 13:27","R_12tesP8rcpwcRTG",61.52349854,-149.5747986,0,0,"No","Yes",NA,"",NA,NA,"No or did not report","","",NA,"","","","",NA,"Less than 100% of the time",NA,NA,NA,NA,NA,NA,NA,NA,"","",1,87500,NA,"personal"
"492","9/16/2018 14:04","9/16/2018 14:04",100,40,TRUE,"9/16/2018 14:04","R_1ojzD1MIpnF5i6T",57.15879822,-154.0800018,0,0,"No","Yes",NA,"",NA,NA,"No or did not report","","",NA,"","","","",NA,"Less than 100% of the time",NA,NA,NA,NA,NA,NA,NA,NA,"","",1,87500,NA,"personal"
"493","9/16/2018 14:18","9/16/2018 14:26",100,512,TRUE,"9/16/2018 14:26","R_6L5p2fpX5JAf4Tn",61.52349854,-149.5747986,0,0,"Yes","No",NA,"1",3,3,"No or did not report","","No",NA,"","","No","",62,"Less than 100% of the time",5,NA,NA,NA,NA,NA,NA,NA,"","",1,12500,"61-70","personal"
"494","9/16/2018 15:11","9/16/2018 15:11",100,34,TRUE,"9/16/2018 15:11","R_3rUrtTtbItXyN7U",57.15879822,-154.0800018,0,0,"No","No",NA,"",NA,NA,"No or did not report","","",NA,"","","","",NA,"Less than 100% of the time",NA,NA,NA,NA,NA,NA,NA,NA,"","",1,87500,NA,"personal"
"495","9/16/2018 17:02","9/16/2018 17:22",100,1182,TRUE,"9/16/2018 17:22","R_31WtWbnQF5dDLmg",64.93130493,-146.6123047,0,0,"Yes","Yes","No","3",15,5,"No or did not report","","No",NA,"","","No","",54,"Less than 100% of the time",5,3,5,3,2,2,5,2,"Reporting: keeping an eye out for invasive plants and animals after each boat trip and report sightings?(Note, convenient and user-friendly reporting tools are available, such as smart phone apps.),Monitoring: a more involved protocol not only keeping an eye out for invasives but collecting water samples, etc.","gaveEmail",1,137500,"51-60","personal"
"496","9/16/2018 17:18","9/16/2018 17:27",100,530,TRUE,"9/16/2018 17:27","R_28ICM3NMVp5SRuJ",37.97799683,-122.0310974,0,0,"Yes","No","No","1",20,20,"No or did not report","","No",NA,"","","No","",57,"100% of the time",5,1,3,5,1,5,5,1,"","gaveEmail",1,87500,"51-60","personal"
"497","9/16/2018 21:03","9/16/2018 21:25",100,1297,TRUE,"9/16/2018 21:25","R_1d5MSO9J33q1YNi",60.79170227,-145.6119995,0,0,"Yes","Yes","Yes","2",25,25,"No or did not report","","No",NA,"","","No","",NA,"Less than 100% of the time",3,1,NA,NA,NA,2,5,4,"Reporting: keeping an eye out for invasive plants and animals after each boat trip and report sightings?(Note, convenient and user-friendly reporting tools are available, such as smart phone apps.),Monitoring: a more involved protocol not only keeping an eye out for invasives but collecting water samples, etc.","",1,87500,NA,"personal"
"498","9/17/2018 9:20","9/17/2018 9:21",100,45,TRUE,"9/17/2018 9:21","R_2fvsjk7Y7ltMHVb",61.17770386,-149.6383972,0,0,"No","Yes",NA,"",NA,NA,"No or did not report","","",NA,"","","","",NA,"Less than 100% of the time",NA,NA,NA,NA,NA,NA,NA,NA,"","",1,87500,NA,"personal"
"499","9/11/2018 11:30","9/17/2018 9:40",100,511776,TRUE,"9/17/2018 9:40","R_b78AFcHJCTpvHJn",47.63189697,-122.2967987,0,0,"Yes","No","Yes","2",20,15,"No or did not report","","No",NA,"","","No","",66,"Less than 100% of the time",5,3,5,5,5,5,5,5,"Reporting: keeping an eye out for invasive plants and animals after each boat trip and report sightings?(Note, convenient and user-friendly reporting tools are available, such as smart phone apps.)","gaveEmail",1,87500,"61-70","personal"
"500","9/17/2018 11:06","9/17/2018 11:06",100,30,TRUE,"9/17/2018 11:06","R_2uUlHYa307UMeI9",61.15939331,-149.8865051,0,0,"No","Yes",NA,"",NA,NA,"No or did not report","","",NA,"","","","",NA,"Less than 100% of the time",NA,NA,NA,NA,NA,NA,NA,NA,"","",1,87500,NA,"personal"
"501","9/17/2018 11:12","9/17/2018 11:13",100,40,TRUE,"9/17/2018 11:13","R_3j7otrfEx013RRa",58.58129883,-134.7698059,0,0,"No","No",NA,"",NA,NA,"No or did not report","","",NA,"","","","",NA,"Less than 100% of the time",NA,NA,NA,NA,NA,NA,NA,NA,"","",1,87500,NA,"personal"
"502","9/17/2018 11:29","9/17/2018 11:29",100,44,TRUE,"9/17/2018 11:29","R_3szYYARKFYjhACY",61.145401,-149.7664032,0,0,"No","Yes",NA,"",NA,NA,"No or did not report","","",NA,"","","","",NA,"Less than 100% of the time",NA,NA,NA,NA,NA,NA,NA,NA,"","",1,87500,NA,"personal"
"503","9/17/2018 13:11","9/17/2018 14:51",100,5977,TRUE,"9/17/2018 14:51","R_XSSCQDK0gs60THX",64.83779907,-147.7164001,0,0,"No","Yes",NA,"",NA,NA,"No or did not report","","",NA,"","","","",NA,"Less than 100% of the time",NA,NA,NA,NA,NA,NA,NA,NA,"","",1,87500,NA,"personal"
"504","9/17/2018 15:08","9/17/2018 15:08",100,21,TRUE,"9/17/2018 15:08","R_30vJSNPK8okjBe2",56.73530579,-135.009201,0,0,"No","Yes",NA,"",NA,NA,"No or did not report","","",NA,"","","","",NA,"Less than 100% of the time",NA,NA,NA,NA,NA,NA,NA,NA,"","",1,87500,NA,"personal"
"505","9/17/2018 15:02","9/17/2018 15:14",100,730,TRUE,"9/17/2018 15:14","R_2BlF3ic2xFgFWpm",40.47740173,-112.0082016,0,0,"Yes","No","No","1",35,30,"No or did not report","","No",NA,"","","No","",66,"Less than 100% of the time",5,1,5,1,3,3,3,1,"Monitoring: a more involved protocol not only keeping an eye out for invasives but collecting water samples, etc.","gaveEmail",1,175000,"61-70","personal"
"506","9/17/2018 19:17","9/17/2018 19:22",100,312,TRUE,"9/17/2018 19:22","R_2E6nX1rUU0iAnxv",61.52349854,-149.5747986,0,0,"Yes","No",NA,"2",50,20,"No or did not report","","No",NA,"","","No","",46,"100% of the time",5,2,2,1,1,5,5,1,"Reporting: keeping an eye out for invasive plants and animals after each boat trip and report sightings?(Note, convenient and user-friendly reporting tools are available, such as smart phone apps.)","gaveEmail",1,87500,"41-50","personal"
"507","9/17/2018 20:59","9/17/2018 21:00",100,59,TRUE,"9/17/2018 21:00","R_ahMQrUqbRSgOrLz",61.22309875,-149.8527985,0,0,"No","Yes",NA,"",NA,NA,"No or did not report","","",NA,"","","","",NA,"Less than 100% of the time",NA,NA,NA,NA,NA,NA,NA,NA,"","",1,87500,NA,"personal"
"508","9/17/2018 21:01","9/17/2018 21:03",100,83,TRUE,"9/17/2018 21:03","R_3L1fLQydah96CDu",58.58129883,-134.7698059,0,0,"No","Yes",NA,"",NA,NA,"No or did not report","","",NA,"","","","",NA,"Less than 100% of the time",NA,NA,NA,NA,NA,NA,NA,NA,"","",1,87500,NA,"personal"
"509","9/17/2018 20:59","9/17/2018 21:23",100,1426,TRUE,"9/17/2018 21:23","R_2VEZdyKpqt35X77",67.54969788,-143.2275085,0,0,"Yes","Yes","No","2",15,10,"No or did not report","","No",NA,"","","No","",49,"Less than 100% of the time",2,4,5,5,2,5,5,3,"","gaveEmail",1,87500,"41-50","personal"
"510","9/17/2018 21:18","9/17/2018 21:50",100,1904,TRUE,"9/17/2018 21:50","R_1DYKByxAFK8fEVn",64.71640015,-164.6282959,0,0,"Yes","No","No","3",125,35,"No or did not report","","No",NA,"","","No","",51,"Less than 100% of the time",5,1,3,1,1,5,3,1,"Reporting: keeping an eye out for invasive plants and animals after each boat trip and report sightings?(Note, convenient and user-friendly reporting tools are available, such as smart phone apps.),Monitoring: a more involved protocol not only keeping an eye out for invasives but collecting water samples, etc.","gaveEmail",1,225000,"51-60","personal"
"511","9/18/2018 9:33","9/18/2018 9:42",100,511,TRUE,"9/18/2018 9:42","R_780CXGfp8YgTZxD",37.97799683,-122.0310974,0,0,"Yes","No","No","3",5,3,"No or did not report","","No",NA,"","","No","",65,"Less than 100% of the time",5,2,5,5,5,5,3,1,"","",1,175000,"61-70","personal"
"512","9/18/2018 9:45","9/18/2018 10:07",100,1340,TRUE,"9/18/2018 10:07","R_27EhE58zcCTQLX4",61.145401,-149.7664032,0,0,"Yes","Yes","Yes","1",25,25,"No or did not report","","No",NA,"","","No","",59,"100% of the time",5,1,2,1,5,5,5,3,"Reporting: keeping an eye out for invasive plants and animals after each boat trip and report sightings?(Note, convenient and user-friendly reporting tools are available, such as smart phone apps.)","gaveEmail",1,137500,"51-60","personal"
"513","9/18/2018 11:15","9/18/2018 11:23",100,446,TRUE,"9/18/2018 11:23","R_TdqmbuMTU0Ulibn",64.8184967,-147.7216034,0,0,"Yes","Yes","No","2",70,60,"No or did not report","","No",NA,"","","No","",65,"Less than 100% of the time",5,3,5,5,3,5,3,5,"","",1,175000,"61-70","personal"
"514","9/18/2018 11:41","9/18/2018 11:42",100,66,TRUE,"9/18/2018 11:42","R_1mm9BjDz0RgCauY",61.59939575,-149.1145935,0,0,"No","Yes",NA,"",NA,NA,"No or did not report","","",NA,"","","","",NA,"Less than 100% of the time",NA,NA,NA,NA,NA,NA,NA,NA,"","",1,87500,NA,"personal"
"515","9/18/2018 11:47","9/18/2018 11:49",100,102,TRUE,"9/18/2018 11:49","R_1NlE9J5OSFvgt3o",61.145401,-149.7664032,0,0,"No","Yes",NA,"",NA,NA,"No or did not report","","",NA,"","","","",NA,"Less than 100% of the time",NA,NA,NA,NA,NA,NA,NA,NA,"","",1,87500,NA,"personal"
"516","9/18/2018 10:15","9/18/2018 12:39",100,8622,TRUE,"9/18/2018 12:39","R_XtVvQ3eDUHaws0N",48.56629944,-123.4192963,0,0,"No","Yes",NA,"",NA,NA,"No or did not report","","",NA,"","","","",NA,"Less than 100% of the time",NA,NA,NA,NA,NA,NA,NA,NA,"","",1,87500,NA,"personal"
"517","9/18/2018 14:58","9/18/2018 14:59",100,46,TRUE,"9/18/2018 14:59","R_1KwikycFUm1PZbD",64.83779907,-147.7164001,0,0,"No","Yes",NA,"",NA,NA,"No or did not report","","",NA,"","","","",NA,"Less than 100% of the time",NA,NA,NA,NA,NA,NA,NA,NA,"","",1,87500,NA,"personal"
"518","9/18/2018 15:02","9/18/2018 15:02",100,52,TRUE,"9/18/2018 15:02","R_2tL4TTbMt3L3pl5",61.60920715,-148.4656982,0,0,"No","No",NA,"",NA,NA,"No or did not report","","",NA,"","","","",NA,"Less than 100% of the time",NA,NA,NA,NA,NA,NA,NA,NA,"","",1,87500,NA,"personal"
"519","9/18/2018 15:06","9/18/2018 15:08",100,135,TRUE,"9/18/2018 15:08","R_3R1UFgKp2FheDaH",36.95120239,-121.723999,0,0,"No","Yes",NA,"",NA,NA,"No or did not report","","",NA,"","","","",NA,"Less than 100% of the time",NA,NA,NA,NA,NA,NA,NA,NA,"","",1,87500,NA,"personal"
"520","9/18/2018 16:04","9/18/2018 16:06",100,79,TRUE,"9/18/2018 16:06","R_0exSTCYBhIVEoa5",64.90060425,-148.1613007,0,0,"No","No",NA,"",NA,NA,"No or did not report","","",NA,"","","","",NA,"Less than 100% of the time",NA,NA,NA,NA,NA,NA,NA,NA,"","",1,87500,NA,"personal"
"521","9/18/2018 17:31","9/18/2018 17:32",100,82,TRUE,"9/18/2018 17:32","R_b1SboRj44I4uqK5",61.60920715,-148.4656982,0,0,"No","Yes",NA,"",NA,NA,"No or did not report","","",NA,"","","","",NA,"Less than 100% of the time",NA,NA,NA,NA,NA,NA,NA,NA,"","",1,87500,NA,"personal"
"522","9/18/2018 21:22","9/18/2018 21:35",100,746,TRUE,"9/18/2018 21:35","R_1omY6hyHt6ch9ve",61.145401,-149.7664032,0,0,"Yes","No","Yes","4",30,30,"No or did not report","","No",NA,"","","No","",71,"Less than 100% of the time",NA,NA,3,3,NA,5,5,2,"Reporting: keeping an eye out for invasive plants and animals after each boat trip and report sightings?(Note, convenient and user-friendly reporting tools are available, such as smart phone apps.)","gaveEmail",1,62500,"71-80","personal"
"523","9/19/2018 6:37","9/19/2018 6:44",100,405,TRUE,"9/19/2018 6:44","R_1QLQSH71uEKVE0s",61.145401,-149.7664032,0,0,"No","Yes",NA,"",NA,NA,"No or did not report","","",NA,"","","","",NA,"Less than 100% of the time",NA,NA,NA,NA,NA,NA,NA,NA,"","",1,87500,NA,"personal"
"524","9/19/2018 8:45","9/19/2018 9:10",100,1510,TRUE,"9/19/2018 9:10","R_3HOzpB9c5aV0DBc",45.48649597,-73.46219635,0.1,0,"Yes","Yes","No","1",32,4,"No or did not report","","No",NA,"","","No","",47,"100% of the time",4,3,4,5,4,5,5,5,"","gaveEmail",0.9,62500,"41-50","personal"
"525","9/18/2018 17:02","9/19/2018 11:24",100,66154,TRUE,"9/19/2018 11:24","R_3GARh8litRhC8Vb",61.2059021,-149.8231964,0,0,"Yes","No","Yes","",NA,NA,"No or did not report","","No",NA,"","","","",NA,"Less than 100% of the time",NA,NA,NA,NA,NA,NA,NA,NA,"","",1,87500,NA,"personal"
"526","9/19/2018 11:33","9/19/2018 11:33",100,9,TRUE,"9/19/2018 11:33","R_3dXnbx7TDoISmuO",61.2059021,-149.8231964,0,0,"No","No",NA,"",NA,NA,"No or did not report","","",NA,"","","","",NA,"Less than 100% of the time",NA,NA,NA,NA,NA,NA,NA,NA,"","",1,87500,NA,"personal"
"527","9/19/2018 11:33","9/19/2018 11:33",100,7,TRUE,"9/19/2018 11:33","R_29gBJqSeLZprDKH",61.2059021,-149.8231964,0,0,"No","No",NA,"",NA,NA,"No or did not report","","",NA,"","","","",NA,"Less than 100% of the time",NA,NA,NA,NA,NA,NA,NA,NA,"","",1,87500,NA,"personal"
"528","9/19/2018 11:36","9/19/2018 11:36",100,10,TRUE,"9/19/2018 11:36","R_3sgArdrFvtKO6kJ",61.2059021,-149.8231964,0,0,"No","Yes",NA,"",NA,NA,"No or did not report","","",NA,"","","","",NA,"Less than 100% of the time",NA,NA,NA,NA,NA,NA,NA,NA,"","",1,87500,NA,"personal"
"529","9/19/2018 12:11","9/19/2018 12:11",100,9,TRUE,"9/19/2018 12:11","R_20TlnpjLAa7p3zj",61.2059021,-149.8231964,0,0,"No","Yes",NA,"",NA,NA,"No or did not report","","",NA,"","","","",NA,"Less than 100% of the time",NA,NA,NA,NA,NA,NA,NA,NA,"","",1,87500,NA,"personal"
"530","9/19/2018 12:13","9/19/2018 12:13",100,7,TRUE,"9/19/2018 12:13","R_1dAgiPKpUwnEA5Z",61.2059021,-149.8231964,0,0,"No","No",NA,"",NA,NA,"No or did not report","","",NA,"","","","",NA,"Less than 100% of the time",NA,NA,NA,NA,NA,NA,NA,NA,"","",1,87500,NA,"personal"
"531","9/19/2018 13:30","9/19/2018 13:32",100,97,TRUE,"9/19/2018 13:32","R_1IovZV36UnXwaKz",58.58129883,-134.7698059,0,0,"No","Yes",NA,"",NA,NA,"No or did not report","","",NA,"","","","",NA,"Less than 100% of the time",NA,NA,NA,NA,NA,NA,NA,NA,"","",1,87500,NA,"personal"
"532","9/19/2018 14:45","9/19/2018 14:46",100,14,TRUE,"9/19/2018 14:46","R_88OXTlNxLidjmV3",61.2059021,-149.8231964,0,0,"No","No",NA,"",NA,NA,"No or did not report","","",NA,"","","","",NA,"Less than 100% of the time",NA,NA,NA,NA,NA,NA,NA,NA,"","",1,87500,NA,"personal"
"533","9/17/2018 18:07","9/19/2018 15:05",100,161847,TRUE,"9/19/2018 15:05","R_2xYqMVHr6eiIiA5",61.2059021,-149.8231964,0,0,"Yes","No","No","",NA,NA,"No or did not report","","No",NA,"","","","",NA,"Less than 100% of the time",NA,NA,NA,NA,NA,NA,NA,NA,"","",1,87500,NA,"personal"
"534","9/19/2018 17:03","9/19/2018 17:04",100,33,TRUE,"9/19/2018 17:04","R_3QRwOUGEr8KYpqp",47.12780762,-122.2534027,0,0,"No","Yes",NA,"",NA,NA,"No or did not report","","",NA,"","","","",NA,"Less than 100% of the time",NA,NA,NA,NA,NA,NA,NA,NA,"","",1,87500,NA,"personal"
"535","9/19/2018 17:59","9/19/2018 18:13",100,820,TRUE,"9/19/2018 18:13","R_25zJLFSi9GDwckh",61.145401,-149.7664032,0,0,"Yes","Yes","No","4",10,20,"No or did not report","","No",NA,"","","No","",45,"Less than 100% of the time",5,1,5,1,1,5,5,1,"","",1,175000,"41-50","personal"
"536","9/19/2018 18:44","9/19/2018 18:45",100,47,TRUE,"9/19/2018 18:45","R_3kNfxfWxEtYYY4r",37.77490234,-122.4194031,0,0,"No","Yes",NA,"",NA,NA,"No or did not report","","",NA,"","","","",NA,"Less than 100% of the time",NA,NA,NA,NA,NA,NA,NA,NA,"","",1,87500,NA,"personal"
"537","9/20/2018 7:55","9/20/2018 7:56",100,34,TRUE,"9/20/2018 7:56","R_2rOsME3Bj1Rr2HR",61.08070374,-149.7091064,0,0,"No","Yes",NA,"",NA,NA,"No or did not report","","",NA,"","","","",NA,"Less than 100% of the time",NA,NA,NA,NA,NA,NA,NA,NA,"","",1,87500,NA,"personal"
"538","9/20/2018 8:13","9/20/2018 8:18",100,310,TRUE,"9/20/2018 8:18","R_p0eAhhzziSttm7L",61.18859863,-149.8878021,0,0,"Yes","No","No","1",30,10,"No or did not report","","No",NA,"","","No","",NA,"100% of the time",NA,NA,5,NA,NA,5,5,NA,"Reporting: keeping an eye out for invasive plants and animals after each boat trip and report sightings?(Note, convenient and user-friendly reporting tools are available, such as smart phone apps.)","gaveEmail",1,137500,NA,"personal"
"539","9/20/2018 8:35","9/20/2018 8:51",100,953,TRUE,"9/20/2018 8:51","R_1hJZFuuG2zVmsXy",64.90060425,-148.1613007,0,0,"Yes","Yes","Yes","2",NA,NA,"No or did not report","","No",NA,"","","No","",74,"100% of the time",5,1,5,NA,NA,5,5,NA,"","gaveEmail",1,62500,"71-80","personal"
"540","9/20/2018 9:39","9/20/2018 10:10",100,1903,TRUE,"9/20/2018 10:10","R_2OMFaL4vodOqdh7",61.145401,-149.7664032,0,0,"Yes","Yes","No","1",3,1,"No or did not report","","No",NA,"","","No","",71,"100% of the time",4,3,3,3,3,5,4,2,"","gaveEmail",1,62500,"71-80","personal"
"541","9/20/2018 13:38","9/20/2018 13:39",100,67,TRUE,"9/20/2018 13:39","R_1Qftnpz1K0E0Bsx",61.59939575,-149.1145935,0.2,0,"No","No",NA,"",NA,NA,"No or did not report","","",NA,"","","","",NA,"Less than 100% of the time",NA,NA,NA,NA,NA,NA,NA,NA,"","",0.8,87500,NA,"personal"
"542","9/20/2018 15:21","9/20/2018 15:22",100,60,TRUE,"9/20/2018 15:22","R_2rrAUMbkxiz0GAa",60.66059875,-150.9060059,0,0,"No","Yes",NA,"",NA,NA,"No or did not report","","",NA,"","","","",NA,"Less than 100% of the time",NA,NA,NA,NA,NA,NA,NA,NA,"","",1,87500,NA,"personal"
"543","9/20/2018 18:01","9/20/2018 18:37",100,2156,TRUE,"9/20/2018 18:37","R_1LUp0FJ9w6UoAT6",61.60920715,-148.4656982,0,0,"Yes","No","No","2",100,10,"No or did not report","","No",NA,"","","No","",22,"100% of the time",5,1,5,1,1,5,5,1,"","gaveEmail",1,37500,"21-30","personal"
"544","9/20/2018 19:26","9/20/2018 19:42",100,964,TRUE,"9/20/2018 19:42","R_1i42WJTqPOMDZCW",58.82429504,-157.8621979,0,0,"Yes","Yes","No","4",40,20,"No or did not report","","No",NA,"","","No","",58,"Less than 100% of the time",4,1,4,4,5,5,3,5,"","gaveEmail",1,112500,"51-60","personal"
"545","9/20/2018 20:32","9/20/2018 20:38",100,353,TRUE,"9/20/2018 20:38","R_2Sq6RKtUcTqozpF",64.93130493,-146.6123047,0,0,"Yes","No","No","2",0,0,"No or did not report","","No",NA,"","","No","",71,"Less than 100% of the time",5,NA,NA,NA,NA,NA,NA,NA,"","",1,112500,"71-80","personal"
"546","9/21/2018 6:33","9/21/2018 6:34",100,30,TRUE,"9/21/2018 6:34","R_1q9boZv7q8xzjtT",32.3368988,-111.0502014,0,0,"No","No",NA,"",NA,NA,"No or did not report","","",NA,"","","","",NA,"Less than 100% of the time",NA,NA,NA,NA,NA,NA,NA,NA,"","",1,87500,NA,"personal"
"547","9/12/2018 18:43","9/21/2018 11:18",100,750850,TRUE,"9/21/2018 11:18","R_1prstTGr66W1Qfu",60.32080078,-150.7989044,0,0,"Yes","No","No","1",5,1,"No or did not report","","No",NA,"","","No","",64,"Less than 100% of the time",5,1,4,2,2,1,1,5,"","",1,37500,"61-70","personal"
"548","9/21/2018 12:25","9/21/2018 12:49",100,1460,TRUE,"9/21/2018 12:49","R_2UXbasqjfshKGBE",61.52349854,-149.5747986,0,0,"Yes","No","No","",10,0,"No or did not report","","No",NA,"","","No","",27,"100% of the time",5,1,1,1,1,1,5,1,"Reporting: keeping an eye out for invasive plants and animals after each boat trip and report sightings?(Note, convenient and user-friendly reporting tools are available, such as smart phone apps.)","gaveEmail",1,112500,"21-30","personal"
"549","9/21/2018 17:56","9/21/2018 17:56",100,16,TRUE,"9/21/2018 17:56","R_3fkpvQyDVOcu304",61.2059021,-149.8231964,0,0,"No","No",NA,"",NA,NA,"No or did not report","","",NA,"","","","",NA,"Less than 100% of the time",NA,NA,NA,NA,NA,NA,NA,NA,"","",1,87500,NA,"personal"
"550","9/21/2018 17:58","9/21/2018 17:58",100,10,TRUE,"9/21/2018 17:58","R_W9yEw2AOCKFO4vf",61.2059021,-149.8231964,0,0,"No","Yes",NA,"",NA,NA,"No or did not report","","",NA,"","","","",NA,"Less than 100% of the time",NA,NA,NA,NA,NA,NA,NA,NA,"","",1,87500,NA,"personal"
"551","9/22/2018 10:30","9/22/2018 10:40",100,626,TRUE,"9/22/2018 10:40","R_1OGFECDE3pdrdS8",61.21490479,-149.2583008,0,0,"Yes","No","No","2",50,50,"No or did not report","","Yes",1982,"New","Washington","No","",78,"100% of the time",5,5,5,1,1,1,5,1,"","gaveEmail",1,225000,"71-80","personal"
"552","9/22/2018 10:44","9/22/2018 10:44",100,23,TRUE,"9/22/2018 10:44","R_1jVrmjlTaiZxlck",59.40390015,-151.3238983,0,0,"No","Yes",NA,"",NA,NA,"No or did not report","","",NA,"","","","",NA,"Less than 100% of the time",NA,NA,NA,NA,NA,NA,NA,NA,"","",1,87500,NA,"personal"
"553","9/22/2018 12:20","9/22/2018 12:37",100,1075,TRUE,"9/22/2018 12:37","R_PGl5VYRXURtCZ3P",47.31010437,-122.2042007,0,0,"Yes","Yes","Yes","3",60,20,"Yes","Washington","No",NA,"","","No","",29,"100% of the time",4,2,5,2,1,3,5,2,"Reporting: keeping an eye out for invasive plants and animals after each boat trip and report sightings?(Note, convenient and user-friendly reporting tools are available, such as smart phone apps.),Monitoring: a more involved protocol not only keeping an eye out for invasives but collecting water samples, etc.","gaveEmail",1,37500,"21-30","personal"
"554","9/22/2018 12:44","9/22/2018 12:56",100,695,TRUE,"9/22/2018 12:56","R_1GTE0Ujha1kReni",56.73530579,-135.009201,0,0.1,"Yes","Yes","No","1",5,5,"No or did not report","","Yes",2017,"New","Washington","No","",37,"100% of the time",5,1,3,1,1,5,5,3,"Reporting: keeping an eye out for invasive plants and animals after each boat trip and report sightings?(Note, convenient and user-friendly reporting tools are available, such as smart phone apps.),Monitoring: a more involved protocol not only keeping an eye out for invasives but collecting water samples, etc.","gaveEmail",0.9,87500,"31-40","personal"
"555","9/22/2018 12:57","9/22/2018 12:58",100,52,TRUE,"9/22/2018 12:58","R_1r8HSCrjhvWZqTX",61.22309875,-149.8527985,0,0,"No","Yes",NA,"",NA,NA,"No or did not report","","",NA,"","","","",NA,"Less than 100% of the time",NA,NA,NA,NA,NA,NA,NA,NA,"","",1,87500,NA,"personal"
"556","9/22/2018 13:11","9/22/2018 13:12",100,56,TRUE,"9/22/2018 13:12","R_1ewXmGJu81xJ8D8",56.73530579,-135.009201,0,0,"No","Yes",NA,"",NA,NA,"No or did not report","","",NA,"","","","",NA,"Less than 100% of the time",NA,NA,NA,NA,NA,NA,NA,NA,"","",1,87500,NA,"personal"
"557","9/22/2018 15:54","9/22/2018 15:55",100,36,TRUE,"9/22/2018 15:55","R_3ltYfKuxra3GOMA",56.73530579,-135.009201,0,0,"No","Yes",NA,"",NA,NA,"No or did not report","","",NA,"","","","",NA,"Less than 100% of the time",NA,NA,NA,NA,NA,NA,NA,NA,"","",1,87500,NA,"personal"
"558","9/22/2018 23:59","9/23/2018 0:07",100,504,TRUE,"9/23/2018 0:07","R_1rup3A7HHUVQolp",45.52340698,-122.6762009,0.8,0,"Yes","Yes","No","2",50,30,"No or did not report","","No",NA,"","","No","",51,"Less than 100% of the time",2,1,1,2,1,5,5,5,"Reporting: keeping an eye out for invasive plants and animals after each boat trip and report sightings?(Note, convenient and user-friendly reporting tools are available, such as smart phone apps.)","gaveEmail",0.2,112500,"51-60","commercial"
"559","9/23/2018 12:03","9/23/2018 12:13",100,622,TRUE,"9/23/2018 12:13","R_1BWAx2fhRoqfH9e",37.75100708,-97.8219986,0,0,"Yes","Yes","No","3",25,25,"No or did not report","","No",NA,"","","No","",31,"Less than 100% of the time",4,3,4,4,2,5,5,4,"Reporting: keeping an eye out for invasive plants and animals after each boat trip and report sightings?(Note, convenient and user-friendly reporting tools are available, such as smart phone apps.),Monitoring: a more involved protocol not only keeping an eye out for invasives but collecting water samples, etc.","gaveEmail",1,37500,"31-40","personal"
"560","9/23/2018 13:53","9/23/2018 13:54",100,75,TRUE,"9/23/2018 13:54","R_ODLIpHpxzzG4jfj",55.61529541,-131.5848083,0,0,"No","Yes",NA,"",NA,NA,"No or did not report","","",NA,"","","","",NA,"Less than 100% of the time",NA,NA,NA,NA,NA,NA,NA,NA,"","",1,87500,NA,"personal"
"561","9/23/2018 17:24","9/23/2018 18:02",100,2281,TRUE,"9/23/2018 18:02","R_1IZCJ3585W3B7pp",61.145401,-149.7664032,0,0,"Yes","No","No","1",12,3,"No or did not report","","No",NA,"","","No","",57,"100% of the time",5,NA,NA,NA,NA,NA,5,NA,"","",1,87500,"51-60","personal"
"562","9/23/2018 18:57","9/23/2018 18:58",100,55,TRUE,"9/23/2018 18:58","R_3DkLMMXyVQogvWA",61.15939331,-149.8865051,0,0,"No","Yes",NA,"",NA,NA,"No or did not report","","",NA,"","","","",NA,"Less than 100% of the time",NA,NA,NA,NA,NA,NA,NA,NA,"","",1,87500,NA,"personal"
"563","9/23/2018 20:36","9/23/2018 20:37",100,79,TRUE,"9/23/2018 20:37","R_1FDkx6ZinJGujOb",37.75100708,-97.8219986,0,0,"No","Yes",NA,"",NA,NA,"No or did not report","","",NA,"","","","",NA,"Less than 100% of the time",NA,NA,NA,NA,NA,NA,NA,NA,"","",1,87500,NA,"personal"
"564","9/24/2018 1:35","9/24/2018 1:53",100,1066,TRUE,"9/24/2018 1:53","R_3M3EDMsXR7zYb3J",61.52349854,-149.5747986,0,0,"Yes","Yes","No","1",10,5,"No or did not report","","No",NA,"","","No","",65,"100% of the time",5,5,5,1,1,5,5,1,"","gaveEmail",1,87500,"61-70","personal"
"565","9/24/2018 11:38","9/24/2018 11:39",100,61,TRUE,"9/24/2018 11:39","R_8iDXswCFPCYWxTr",61.2059021,-149.8231964,0,0,"No","No",NA,"",NA,NA,"No or did not report","","",NA,"","","","",NA,"Less than 100% of the time",NA,NA,NA,NA,NA,NA,NA,NA,"","",1,87500,NA,"personal"
"566","9/25/2018 10:56","9/25/2018 10:57",100,48,TRUE,"9/25/2018 10:57","R_263jLMCy9iWBaVv",56.73530579,-135.009201,0,0,"No","Yes",NA,"",NA,NA,"No or did not report","","",NA,"","","","",NA,"Less than 100% of the time",NA,NA,NA,NA,NA,NA,NA,NA,"","",1,87500,NA,"personal"
"567","9/19/2018 20:18","9/25/2018 12:45",100,491240,TRUE,"9/25/2018 12:45","R_3PjnZL6Vtuusn04",61.2059021,-149.8231964,0,0,"Yes","Yes","No","",NA,NA,"No or did not report","","No",NA,"","","","",NA,"Less than 100% of the time",NA,NA,NA,NA,NA,NA,NA,NA,"","",1,87500,NA,"personal"
"568","9/25/2018 8:22","9/25/2018 13:53",100,19859,TRUE,"9/25/2018 13:53","R_1l3ix1wIo5ERmkl",61.2059021,-149.8231964,0,0,"Yes","Yes","No","",NA,NA,"No or did not report","","No",NA,"","","","",NA,"Less than 100% of the time",NA,NA,NA,NA,NA,NA,NA,NA,"","",1,87500,NA,"personal"
"569","9/25/2018 14:06","9/25/2018 14:07",100,12,TRUE,"9/25/2018 14:07","R_pQ9j4kU0rpwRZeh",61.2059021,-149.8231964,0,0,"No","No",NA,"",NA,NA,"No or did not report","","",NA,"","","","",NA,"Less than 100% of the time",NA,NA,NA,NA,NA,NA,NA,NA,"","",1,87500,NA,"personal"
"570","9/26/2018 12:06","9/26/2018 12:07",100,84,TRUE,"9/26/2018 12:07","R_31LxedXbhaxP7HV",55.61529541,-131.5848083,0,0,"No","Yes",NA,"",NA,NA,"No or did not report","","",NA,"","","","",NA,"Less than 100% of the time",NA,NA,NA,NA,NA,NA,NA,NA,"","",1,87500,NA,"personal"
"571","9/26/2018 12:12","9/26/2018 12:13",100,79,TRUE,"9/26/2018 12:13","R_324SV4fEH4ScO8G",61.145401,-149.7664032,0,0,"","",NA,"",NA,NA,"No or did not report","","",NA,"","","","",NA,"Less than 100% of the time",NA,NA,NA,NA,NA,NA,NA,NA,"","",1,87500,NA,"personal"
"572","9/26/2018 13:05","9/26/2018 13:07",100,67,TRUE,"9/26/2018 13:07","R_3QKlFZbKNSiJq3a",58.58129883,-134.7698059,1,0,"No","Yes",NA,"",NA,NA,"No or did not report","","",NA,"","","","",NA,"Less than 100% of the time",NA,NA,NA,NA,NA,NA,NA,NA,"","",0,87500,NA,"commercial"
"573","9/26/2018 13:09","9/26/2018 13:10",100,47,TRUE,"9/26/2018 13:10","R_Tk0tscI1UhTovsd",61.59939575,-149.1145935,0,0,"No","Yes",NA,"",NA,NA,"No or did not report","","",NA,"","","","",NA,"Less than 100% of the time",NA,NA,NA,NA,NA,NA,NA,NA,"","",1,87500,NA,"personal"
"574","9/26/2018 16:02","9/26/2018 16:03",100,33,TRUE,"9/26/2018 16:03","R_PRNadMOkuCsMFvX",61.11199951,-149.9044037,0,0,"No","No",NA,"",NA,NA,"No or did not report","","",NA,"","","","",NA,"Less than 100% of the time",NA,NA,NA,NA,NA,NA,NA,NA,"","",1,87500,NA,"personal"
"575","9/26/2018 16:17","9/26/2018 16:47",100,1799,TRUE,"9/26/2018 16:47","R_AGP8tZz2vFTNLl7",61.59939575,-149.1145935,0,0,"Yes","No","No","3",10,5,"No or did not report","","No",NA,"","","No","",39,"100% of the time",5,1,5,2,3,4,4,3,"","",1,87500,"31-40","personal"
"576","9/26/2018 19:17","9/26/2018 19:18",100,42,TRUE,"9/26/2018 19:18","R_3EKtXME382NB2Kd",61.145401,-149.7664032,0,0,"No","Yes",NA,"",NA,NA,"No or did not report","","",NA,"","","","",NA,"Less than 100% of the time",NA,NA,NA,NA,NA,NA,NA,NA,"","",1,87500,NA,"personal"
"577","9/26/2018 15:40","9/26/2018 19:59",100,15586,TRUE,"9/26/2018 19:59","R_2R8HLFrxPKmVO6V",61.08070374,-149.7091064,0,0,"No","Yes",NA,"",NA,NA,"No or did not report","","",NA,"","","","",NA,"Less than 100% of the time",NA,NA,NA,NA,NA,NA,NA,NA,"","",1,87500,NA,"personal"
"578","9/26/2018 20:56","9/26/2018 21:12",100,963,TRUE,"9/26/2018 21:12","R_2qq8pjvZv7lL1qL",61.5809021,-149.4414978,0,0,"Yes","No","No","6",10,8,"No or did not report","","No",NA,"","","No","",68,"100% of the time",4,1,1,2,1,3,3,2,"","gaveEmail",1,87500,"61-70","personal"
"579","9/26/2018 21:36","9/26/2018 21:37",100,48,TRUE,"9/26/2018 21:37","R_2xyQcoF3VU0k7JF",61.16369629,-149.9916992,0,0,"No","Yes",NA,"",NA,NA,"No or did not report","","",NA,"","","","",NA,"Less than 100% of the time",NA,NA,NA,NA,NA,NA,NA,NA,"","",1,87500,NA,"personal"
"580","9/26/2018 21:12","9/26/2018 21:38",100,1572,TRUE,"9/26/2018 21:38","R_YYdlLNePdEFyhbP",61.59939575,-149.1145935,0,0,"Yes","No",NA,"0",0,0,"No or did not report","","No",NA,"","","No","",73,"100% of the time",5,NA,4,4,NA,3,5,4,"","gaveEmail",1,87500,"71-80","personal"
"581","9/26/2018 21:44","9/26/2018 21:45",100,33,TRUE,"9/26/2018 21:45","R_2aCFpsY6gEl9j1R",61.08070374,-149.7091064,0,0,"No","No",NA,"",NA,NA,"No or did not report","","",NA,"","","","",NA,"Less than 100% of the time",NA,NA,NA,NA,NA,NA,NA,NA,"","",1,87500,NA,"personal"
"582","9/27/2018 0:04","9/27/2018 0:04",100,50,TRUE,"9/27/2018 0:05","R_2ONqeZJWUkpqQqp",60.0552063,-149.3365021,0,0,"No","Yes",NA,"",NA,NA,"No or did not report","","",NA,"","","","",NA,"Less than 100% of the time",NA,NA,NA,NA,NA,NA,NA,NA,"","",1,87500,NA,"personal"
"583","9/27/2018 6:12","9/27/2018 6:14",100,93,TRUE,"9/27/2018 6:14","R_28NecWJHU51PSwy",61.22309875,-149.8527985,0,0,"No","Yes",NA,"",NA,NA,"No or did not report","","",NA,"","","","",NA,"Less than 100% of the time",NA,NA,NA,NA,NA,NA,NA,NA,"","",1,87500,NA,"personal"
"584","9/27/2018 6:31","9/27/2018 6:32",100,47,TRUE,"9/27/2018 6:32","R_WilrcgfT4GP0MKd",61.11199951,-149.9044037,0,0,"No","No",NA,"",NA,NA,"No or did not report","","",NA,"","","","",NA,"Less than 100% of the time",NA,NA,NA,NA,NA,NA,NA,NA,"","",1,87500,NA,"personal"
"585","9/27/2018 8:32","9/27/2018 8:38",100,372,TRUE,"9/27/2018 8:38","R_2xwM8sFgO4zwPWy",61.18859863,-149.8878021,0,0,"Yes","Yes","Yes","2",0,0,"No or did not report","","No",NA,"","","No","",30,"100% of the time",5,1,5,5,3,5,5,4,"Reporting: keeping an eye out for invasive plants and animals after each boat trip and report sightings?(Note, convenient and user-friendly reporting tools are available, such as smart phone apps.)","gaveEmail",1,87500,"21-30","personal"
"586","9/27/2018 8:57","9/27/2018 9:08",100,657,TRUE,"9/27/2018 9:08","R_1QiUkpswooQAWvs",61.145401,-149.7664032,0,0,"Yes","No","No","2",20,10,"No or did not report","","No",NA,"","","No","",51,"100% of the time",5,1,1,1,1,1,1,1,"","",1,87500,"51-60","personal"
"587","9/27/2018 11:27","9/27/2018 11:27",100,31,TRUE,"9/27/2018 11:27","R_3F4hA1U8Ocq9lAx",60.32080078,-150.7989044,0,0,"No","Yes",NA,"",NA,NA,"No or did not report","","",NA,"","","","",NA,"Less than 100% of the time",NA,NA,NA,NA,NA,NA,NA,NA,"","",1,87500,NA,"personal"
"588","9/27/2018 11:38","9/27/2018 11:38",100,8,TRUE,"9/27/2018 11:38","R_1EapEZ7GMxNO4jN",61.2059021,-149.8231964,0,0,"No","Yes",NA,"",NA,NA,"No or did not report","","",NA,"","","","",NA,"Less than 100% of the time",NA,NA,NA,NA,NA,NA,NA,NA,"","",1,87500,NA,"personal"
"589","9/27/2018 11:30","9/27/2018 11:38",100,532,TRUE,"9/27/2018 11:39","R_pL7PhOzsdqF8lfr",61.61959839,-160.2082977,0,0,"Yes","No","No","7",10,6,"No or did not report","","No",NA,"","","No","",37,"Less than 100% of the time",4,1,1,1,1,1,1,1,"","",1,37500,"31-40","personal"
"590","9/27/2018 12:29","9/27/2018 12:29",100,27,TRUE,"9/27/2018 12:29","R_2uIAJhclOiIyJ9z",59.40390015,-151.3238983,0,0,"No","Yes",NA,"",NA,NA,"No or did not report","","",NA,"","","","",NA,"Less than 100% of the time",NA,NA,NA,NA,NA,NA,NA,NA,"","",1,87500,NA,"personal"
"591","9/27/2018 12:49","9/27/2018 12:50",100,55,TRUE,"9/27/2018 12:50","R_1j7y0N0jU0lx8RP",58.58129883,-134.7698059,0,0,"No","Yes",NA,"",NA,NA,"No or did not report","","",NA,"","","","",NA,"Less than 100% of the time",NA,NA,NA,NA,NA,NA,NA,NA,"","",1,87500,NA,"personal"
"592","9/27/2018 13:48","9/27/2018 13:49",100,66,TRUE,"9/27/2018 13:49","R_22FX8mDG0J91Yn2",55.61529541,-131.5848083,0,0,"No","Yes",NA,"",NA,NA,"No or did not report","","",NA,"","","","",NA,"Less than 100% of the time",NA,NA,NA,NA,NA,NA,NA,NA,"","",1,87500,NA,"personal"
"593","9/27/2018 14:55","9/27/2018 14:56",100,48,TRUE,"9/27/2018 14:56","R_3P7DjKyylK6qu7O",61.60920715,-148.4656982,0,0,"No","No",NA,"",NA,NA,"No or did not report","","",NA,"","","","",NA,"Less than 100% of the time",NA,NA,NA,NA,NA,NA,NA,NA,"","",1,87500,NA,"personal"
"594","9/27/2018 16:35","9/27/2018 16:44",100,493,TRUE,"9/27/2018 16:44","R_2aKdwcwdPIo9Ory",61.52349854,-149.5747986,0,0,"Yes","","No","2",5,1,"No or did not report","","No",NA,"","","No","",60,"Less than 100% of the time",5,1,4,2,1,1,4,1,"Reporting: keeping an eye out for invasive plants and animals after each boat trip and report sightings?(Note, convenient and user-friendly reporting tools are available, such as smart phone apps.)","gaveEmail",1,62500,"51-60","personal"
"595","9/27/2018 16:37","9/27/2018 16:45",100,496,TRUE,"9/27/2018 16:45","R_2axdXsbbJAesZbj",60.66059875,-150.9060059,0,0,"Yes","Yes","No","3",1,1,"No or did not report","","No",NA,"","","No","",57,"100% of the time",5,3,3,2,2,4,5,2,"","",1,112500,"51-60","personal"
"596","9/27/2018 16:55","9/27/2018 16:55",100,8,TRUE,"9/27/2018 16:55","R_3gYguj6DO2Oh8d8",61.2059021,-149.8231964,0,0,"No","No",NA,"",NA,NA,"No or did not report","","",NA,"","","","",NA,"Less than 100% of the time",NA,NA,NA,NA,NA,NA,NA,NA,"","",1,87500,NA,"personal"
"597","9/27/2018 17:01","9/27/2018 17:01",100,7,TRUE,"9/27/2018 17:01","R_rootNuUxv1HfzXP",61.2059021,-149.8231964,0,0,"No","No",NA,"",NA,NA,"No or did not report","","",NA,"","","","",NA,"Less than 100% of the time",NA,NA,NA,NA,NA,NA,NA,NA,"","",1,87500,NA,"personal"
"598","9/27/2018 17:02","9/27/2018 17:03",100,39,TRUE,"9/27/2018 17:03","R_ZfVqB7XkLHengvn",61.5809021,-149.4414978,0,0,"No","Yes",NA,"",NA,NA,"No or did not report","","",NA,"","","","",NA,"Less than 100% of the time",NA,NA,NA,NA,NA,NA,NA,NA,"","",1,87500,NA,"personal"
"599","9/27/2018 17:05","9/27/2018 17:05",100,8,TRUE,"9/27/2018 17:05","R_5731YogUUQR466B",61.2059021,-149.8231964,0,0,"No","Yes",NA,"",NA,NA,"No or did not report","","",NA,"","","","",NA,"Less than 100% of the time",NA,NA,NA,NA,NA,NA,NA,NA,"","",1,87500,NA,"personal"
"600","9/27/2018 17:15","9/27/2018 17:16",100,34,TRUE,"9/27/2018 17:16","R_24OEvJmCZqYWIyJ",61.2059021,-149.8231964,0,0,"No","No",NA,"",NA,NA,"No or did not report","","",NA,"","","","",NA,"Less than 100% of the time",NA,NA,NA,NA,NA,NA,NA,NA,"","",1,87500,NA,"personal"
"601","9/27/2018 17:17","9/27/2018 17:18",100,8,TRUE,"9/27/2018 17:18","R_2SBRaCPbboFCJCu",61.2059021,-149.8231964,0,0,"No","No",NA,"",NA,NA,"No or did not report","","",NA,"","","","",NA,"Less than 100% of the time",NA,NA,NA,NA,NA,NA,NA,NA,"","",1,87500,NA,"personal"
"602","9/27/2018 17:41","9/27/2018 17:42",100,102,TRUE,"9/27/2018 17:42","R_By7LL5kjEA8MSat",37.75100708,-97.8219986,0,0,"No","Yes",NA,"",NA,NA,"No or did not report","","",NA,"","","","",NA,"Less than 100% of the time",NA,NA,NA,NA,NA,NA,NA,NA,"","",1,87500,NA,"personal"
"603","9/27/2018 17:57","9/27/2018 18:28",100,1883,TRUE,"9/27/2018 18:28","R_3EoEdSo9gONNeoV",64.83779907,-147.7164001,0,0,"No","No",NA,"",NA,NA,"No or did not report","","",NA,"","","","",NA,"Less than 100% of the time",NA,NA,NA,NA,NA,NA,NA,NA,"","",1,87500,NA,"personal"
"604","9/27/2018 18:44","9/27/2018 18:44",100,7,TRUE,"9/27/2018 18:44","R_3vYRXVnzrTA4VRD",61.2059021,-149.8231964,0,0,"No","No",NA,"",NA,NA,"No or did not report","","",NA,"","","","",NA,"Less than 100% of the time",NA,NA,NA,NA,NA,NA,NA,NA,"","",1,87500,NA,"personal"
"605","9/27/2018 19:32","9/27/2018 19:43",100,651,TRUE,"9/27/2018 19:43","R_qC79P6nUeYteNhv",61.08070374,-149.7091064,0,0,"Yes","No","No","4",15,5,"No or did not report","","No",NA,"","","No","",61,"Less than 100% of the time",1,1,5,1,1,5,5,1,"","",1,175000,"61-70","personal"
"606","9/27/2018 20:11","9/27/2018 20:12",100,106,TRUE,"9/27/2018 20:12","R_1QryNCouKsZk307",57.15879822,-154.0800018,0,0,"No","Yes",NA,"",NA,NA,"No or did not report","","",NA,"","","","",NA,"Less than 100% of the time",NA,NA,NA,NA,NA,NA,NA,NA,"","",1,87500,NA,"personal"
"607","9/27/2018 20:32","9/27/2018 20:33",100,56,TRUE,"9/27/2018 20:33","R_qUEKXyCAYhPp9Rv",61.18859863,-149.8878021,0,0,"No","No",NA,"",NA,NA,"No or did not report","","",NA,"","","","",NA,"Less than 100% of the time",NA,NA,NA,NA,NA,NA,NA,NA,"","",1,87500,NA,"personal"
"608","9/27/2018 20:43","9/27/2018 20:54",100,695,TRUE,"9/27/2018 20:54","R_RCbTuhWaTqCy3PH",58.82429504,-157.8621979,0,0,"Yes","Yes","No","4",45,15,"No or did not report","","No",NA,"","","No","",43,"Less than 100% of the time",5,1,4,5,1,5,4,5,"Reporting: keeping an eye out for invasive plants and animals after each boat trip and report sightings?(Note, convenient and user-friendly reporting tools are available, such as smart phone apps.)","gaveEmail",1,225000,"41-50","personal"
"609","9/27/2018 21:03","9/27/2018 21:11",100,490,TRUE,"9/27/2018 21:11","R_vVpxNdLzaQFoNCp",61.08070374,-149.7091064,0,0,"Yes","No","No","4",10,5,"No or did not report","","No",NA,"","","No","",47,"Less than 100% of the time",2,NA,4,NA,3,1,5,NA,"","",1,175000,"41-50","personal"
"610","9/27/2018 22:35","9/27/2018 22:37",100,148,TRUE,"9/27/2018 22:37","R_scDyrDxYvv8FZuh",59.40390015,-151.3238983,0,0,"No","Yes",NA,"",NA,NA,"No or did not report","","",NA,"","","","",NA,"Less than 100% of the time",NA,NA,NA,NA,NA,NA,NA,NA,"","",1,87500,NA,"personal"
"611","9/27/2018 22:31","9/27/2018 22:39",100,493,TRUE,"9/27/2018 22:39","R_7ZMfU5eFgtUP7qN",61.145401,-149.7664032,0,0,"Yes","No","No","2",1,1,"No or did not report","","No",NA,"","","Yes","gaveEmail",48,"100% of the time",5,1,1,1,1,1,4,1,"Monitoring: a more involved protocol not only keeping an eye out for invasives but collecting water samples, etc.","gaveEmail",1,112500,"41-50","personal"
"612","9/27/2018 23:11","9/27/2018 23:13",100,107,TRUE,"9/27/2018 23:13","R_2w76py69yBOAmsu",64.09370422,-160.3654938,0,0,"No","No",NA,"",NA,NA,"No or did not report","","",NA,"","","","",NA,"Less than 100% of the time",NA,NA,NA,NA,NA,NA,NA,NA,"","",1,87500,NA,"personal"
"613","9/27/2018 23:02","9/27/2018 23:27",100,1483,TRUE,"9/27/2018 23:27","R_tE5XzNRQBGSpXEJ",64.8184967,-147.7216034,0,0,"Yes","Yes","No","3",10,4,"No or did not report","","No",NA,"","","No","",76,"100% of the time",1,1,2,3,4,4,4,4,"Reporting: keeping an eye out for invasive plants and animals after each boat trip and report sightings?(Note, convenient and user-friendly reporting tools are available, such as smart phone apps.)","gaveEmail",1,175000,"71-80","personal"
"614","9/28/2018 5:32","9/28/2018 5:41",100,573,TRUE,"9/28/2018 5:41","R_3DjafmvzzIbwcIc",60.66059875,-150.9060059,0,0,"Yes","No","No","2",10,75,"No or did not report","","Yes",2017,"","Wisconsin","No","",55,"Less than 100% of the time",5,1,3,3,3,5,4,3,"","gaveEmail",1,137500,"51-60","personal"
"615","9/28/2018 6:24","9/28/2018 6:24",100,33,TRUE,"9/28/2018 6:24","R_2co9sta0UFZanui",61.59939575,-149.1145935,0,0,"No","No",NA,"",NA,NA,"No or did not report","","",NA,"","","","",NA,"Less than 100% of the time",NA,NA,NA,NA,NA,NA,NA,NA,"","",1,87500,NA,"personal"
"616","9/28/2018 7:49","9/28/2018 7:50",100,64,TRUE,"9/28/2018 7:50","R_24AxKrDFdjq6n6U",55.61529541,-131.5848083,0,0,"No","Yes",NA,"",NA,NA,"No or did not report","","",NA,"","","","",NA,"Less than 100% of the time",NA,NA,NA,NA,NA,NA,NA,NA,"","",1,87500,NA,"personal"
"617","9/28/2018 8:09","9/28/2018 8:10",100,46,TRUE,"9/28/2018 8:10","R_3NycNmGtPjmhAHd",61.145401,-149.7664032,0,0,"No","No",NA,"",NA,NA,"No or did not report","","",NA,"","","","",NA,"Less than 100% of the time",NA,NA,NA,NA,NA,NA,NA,NA,"","",1,87500,NA,"personal"
"618","9/28/2018 8:31","9/28/2018 8:32",100,43,TRUE,"9/28/2018 8:32","R_1oALmwSM2I61ljT",61.2059021,-149.8231964,0,0,"No","No",NA,"",NA,NA,"No or did not report","","",NA,"","","","",NA,"Less than 100% of the time",NA,NA,NA,NA,NA,NA,NA,NA,"","",1,87500,NA,"personal"
"619","9/28/2018 8:45","9/28/2018 8:46",100,46,TRUE,"9/28/2018 8:46","R_3h3ysfSp3sDX8Cb",61.145401,-149.7664032,0,0,"No","Yes",NA,"",NA,NA,"No or did not report","","",NA,"","","","",NA,"Less than 100% of the time",NA,NA,NA,NA,NA,NA,NA,NA,"","",1,87500,NA,"personal"
"620","9/28/2018 9:16","9/28/2018 9:22",100,342,TRUE,"9/28/2018 9:22","R_1rJ5obgiznbSzWu",61.22309875,-149.8527985,0,0,"Yes","No","Yes","2",100,100,"No or did not report","","No",NA,"","","No","",32,"Less than 100% of the time",5,2,5,4,4,5,5,3,"Reporting: keeping an eye out for invasive plants and animals after each boat trip and report sightings?(Note, convenient and user-friendly reporting tools are available, such as smart phone apps.)","gaveEmail",1,87500,"31-40","personal"
"621","9/28/2018 9:24","9/28/2018 9:47",100,1400,TRUE,"9/28/2018 9:47","R_3NOKeMwDHbWuqtZ",61.52349854,-149.5747986,0,0,"Yes","No","No","1",40,35,"No or did not report","","No",NA,"","","No","",67,"Less than 100% of the time",5,3,4,3,3,3,4,3,"Reporting: keeping an eye out for invasive plants and animals after each boat trip and report sightings?(Note, convenient and user-friendly reporting tools are available, such as smart phone apps.)","gaveEmail",1,175000,"61-70","personal"
"622","9/28/2018 9:57","9/28/2018 9:58",100,67,TRUE,"9/28/2018 9:58","R_2DYL4ijXpp5w2zr",63.66879272,-143.196106,0,0,"No","No",NA,"",NA,NA,"No or did not report","","",NA,"","","","",NA,"Less than 100% of the time",NA,NA,NA,NA,NA,NA,NA,NA,"","",1,87500,NA,"personal"
"623","9/28/2018 9:53","9/28/2018 10:02",100,484,TRUE,"9/28/2018 10:02","R_2QSOUfkBhdMd6JG",37.73530579,-122.3731995,0,0,"Yes","No","No","1",5,5,"No or did not report","","No",NA,"","","No","",61,"100% of the time",5,NA,5,NA,NA,5,5,NA,"Reporting: keeping an eye out for invasive plants and animals after each boat trip and report sightings?(Note, convenient and user-friendly reporting tools are available, such as smart phone apps.)","gaveEmail",1,62500,"61-70","personal"
"624","9/28/2018 11:12","9/28/2018 11:13",100,95,TRUE,"9/28/2018 11:13","R_3PUpQjunbwItOJ1",61.145401,-149.7664032,0,0,"No","Yes",NA,"",NA,NA,"No or did not report","","",NA,"","","","",NA,"Less than 100% of the time",NA,NA,NA,NA,NA,NA,NA,NA,"","",1,87500,NA,"personal"
"625","9/28/2018 11:39","9/28/2018 11:41",100,133,TRUE,"9/28/2018 11:41","R_DI5tWxjoXjdAZ5D",59.40390015,-151.3238983,0.2,0,"No","Yes",NA,"",NA,NA,"No or did not report","","",NA,"","","","",NA,"Less than 100% of the time",NA,NA,NA,NA,NA,NA,NA,NA,"","",0.8,87500,NA,"personal"
"626","9/28/2018 12:15","9/28/2018 12:16",100,46,TRUE,"9/28/2018 12:16","R_1mUjA9KOJ5agAtL",61.2059021,-149.8231964,1,0,"No","Yes",NA,"",NA,NA,"No or did not report","","",NA,"","","","",NA,"Less than 100% of the time",NA,NA,NA,NA,NA,NA,NA,NA,"","",0,87500,NA,"commercial"
"627","9/28/2018 12:21","9/28/2018 12:21",100,44,TRUE,"9/28/2018 12:21","R_1He2nst1u8Ai8vX",61.2059021,-149.8231964,0.1,0,"No","Yes",NA,"",NA,NA,"No or did not report","","",NA,"","","","",NA,"Less than 100% of the time",NA,NA,NA,NA,NA,NA,NA,NA,"","",0.9,87500,NA,"personal"
"628","9/28/2018 12:24","9/28/2018 12:25",100,58,TRUE,"9/28/2018 12:25","R_3dTdvCCxkTTgcJ0",61.145401,-149.7664032,0,0,"No","No",NA,"",NA,NA,"No or did not report","","",NA,"","","","",NA,"Less than 100% of the time",NA,NA,NA,NA,NA,NA,NA,NA,"","",1,87500,NA,"personal"
"629","9/28/2018 12:26","9/28/2018 12:29",100,155,TRUE,"9/28/2018 12:29","R_29fPUt8NyUepLbf",61.2059021,-149.8231964,0,0,"Yes","No",NA,"",NA,NA,"No or did not report","","No",NA,"","","","",NA,"Less than 100% of the time",NA,NA,NA,NA,NA,NA,NA,NA,"","",1,87500,NA,"personal"
"630","9/28/2018 12:29","9/28/2018 12:32",100,191,TRUE,"9/28/2018 12:32","R_1FKw0I0UdmftPFP",61.19050598,-149.9420013,0,0,"No","Yes",NA,"",NA,NA,"No or did not report","","",NA,"","","","",NA,"Less than 100% of the time",NA,NA,NA,NA,NA,NA,NA,NA,"","",1,87500,NA,"personal"
"631","9/28/2018 12:32","9/28/2018 12:33",100,63,TRUE,"9/28/2018 12:33","R_6G2bIvv58dv1fTb",58.08650208,-135.4353943,0,0,"No","Yes",NA,"",NA,NA,"No or did not report","","",NA,"","","","",NA,"Less than 100% of the time",NA,NA,NA,NA,NA,NA,NA,NA,"","",1,87500,NA,"personal"
"632","9/28/2018 12:17","9/28/2018 12:37",100,1221,TRUE,"9/28/2018 12:37","R_2AFDO3LPIx3mHvk",61.52349854,-149.5747986,0,0,"Yes","Yes","No","2",20,5,"No or did not report","","No",NA,"","","No","",NA,"100% of the time",5,3,3,3,3,5,5,5,"","gaveEmail",1,37500,NA,"personal"
"633","9/28/2018 12:30","9/28/2018 12:42",100,727,TRUE,"9/28/2018 12:42","R_VUtI1R8XE4tdjI5",61.2059021,-149.8231964,0,0,"Yes","No",NA,"10",NA,NA,"No or did not report","","No",NA,"","","No","",68,"Less than 100% of the time",NA,NA,NA,NA,NA,NA,NA,NA,"","",1,37500,"61-70","personal"
"634","9/28/2018 12:51","9/28/2018 12:52",100,60,TRUE,"9/28/2018 12:52","R_XOk9ETn79KNwVa1",37.80180359,-122.4382019,0,0,"No","Yes",NA,"",NA,NA,"No or did not report","","",NA,"","","","",NA,"Less than 100% of the time",NA,NA,NA,NA,NA,NA,NA,NA,"","",1,87500,NA,"personal"
"635","9/28/2018 13:02","9/28/2018 13:04",100,72,TRUE,"9/28/2018 13:04","R_0wZkIuH8aW4mehX",59.40390015,-151.3238983,0,0,"","",NA,"",NA,NA,"No or did not report","","",NA,"","","","",NA,"Less than 100% of the time",NA,NA,NA,NA,NA,NA,NA,NA,"","",1,87500,NA,"personal"
"636","9/28/2018 13:25","9/28/2018 13:25",100,8,TRUE,"9/28/2018 13:25","R_1BW6YjGXY25Dztv",61.2059021,-149.8231964,0,0,"No","Yes",NA,"",NA,NA,"No or did not report","","",NA,"","","","",NA,"Less than 100% of the time",NA,NA,NA,NA,NA,NA,NA,NA,"","",1,87500,NA,"personal"
"637","9/28/2018 13:37","9/28/2018 13:37",100,9,TRUE,"9/28/2018 13:37","R_usRU3fYcWZos7El",61.2059021,-149.8231964,0,0,"No","Yes",NA,"",NA,NA,"No or did not report","","",NA,"","","","",NA,"Less than 100% of the time",NA,NA,NA,NA,NA,NA,NA,NA,"","",1,87500,NA,"personal"
"638","9/28/2018 13:40","9/28/2018 13:40",100,8,TRUE,"9/28/2018 13:40","R_2tasmSgIaI7Zrt7",61.2059021,-149.8231964,0,0,"No","Yes",NA,"",NA,NA,"No or did not report","","",NA,"","","","",NA,"Less than 100% of the time",NA,NA,NA,NA,NA,NA,NA,NA,"","",1,87500,NA,"personal"
"639","9/27/2018 13:50","9/28/2018 14:11",100,87640,TRUE,"9/28/2018 14:11","R_3Pc0ipNnVSQba41",59.47579956,-157.2696991,0.3,0.7,"Yes","No","No","3",90,50,"No or did not report","","No",NA,"","","No","",50,"Less than 100% of the time",1,5,5,4,2,5,1,5,"","",0.0000000000000000555111512312578,12500,"41-50","government"
"640","9/28/2018 14:32","9/28/2018 14:33",100,69,TRUE,"9/28/2018 14:33","R_rpT8FzkvJaLrhv3",61.2059021,-149.8231964,0,0,"Yes","No",NA,"",NA,NA,"No or did not report","","No",NA,"","","","",NA,"Less than 100% of the time",NA,NA,NA,NA,NA,NA,NA,NA,"","",1,87500,NA,"personal"
"641","9/28/2018 15:18","9/28/2018 15:19",100,37,TRUE,"9/28/2018 15:19","R_RmmhlPnmomAjCg1",37.75100708,-97.8219986,0,0,"No","No",NA,"",NA,NA,"No or did not report","","",NA,"","","","",NA,"Less than 100% of the time",NA,NA,NA,NA,NA,NA,NA,NA,"","",1,87500,NA,"personal"
"642","9/28/2018 15:38","9/28/2018 15:39",100,65,TRUE,"9/28/2018 15:39","R_2PdjQH80eHLRjB4",64.77830505,-147.3370972,0,0,"No","Yes",NA,"",NA,NA,"No or did not report","","",NA,"","","","",NA,"Less than 100% of the time",NA,NA,NA,NA,NA,NA,NA,NA,"","",1,87500,NA,"personal"
"643","9/28/2018 16:00","9/28/2018 16:01",100,31,TRUE,"9/28/2018 16:01","R_2xKIsEf35L3NXUC",59.40390015,-151.3238983,0,0,"No","Yes",NA,"",NA,NA,"No or did not report","","",NA,"","","","",NA,"Less than 100% of the time",NA,NA,NA,NA,NA,NA,NA,NA,"","",1,87500,NA,"personal"
"644","9/28/2018 16:09","9/28/2018 16:10",100,61,TRUE,"9/28/2018 16:10","R_1rcavSBZ6GVn4RV",64.77830505,-147.3370972,0,0,"No","No",NA,"",NA,NA,"No or did not report","","",NA,"","","","",NA,"Less than 100% of the time",NA,NA,NA,NA,NA,NA,NA,NA,"","",1,87500,NA,"personal"
"645","9/28/2018 16:23","9/28/2018 16:24",100,67,TRUE,"9/28/2018 16:24","R_3hrTEQXWYPdugnq",58.58129883,-134.7698059,0,0,"No","No",NA,"",NA,NA,"No or did not report","","",NA,"","","","",NA,"Less than 100% of the time",NA,NA,NA,NA,NA,NA,NA,NA,"","",1,87500,NA,"personal"
"646","9/28/2018 16:22","9/28/2018 16:24",100,123,TRUE,"9/28/2018 16:24","R_1qgQyHXUO3kCYy0",64.77830505,-147.3370972,0,0,"No","No",NA,"",NA,NA,"No or did not report","","",NA,"","","","",NA,"Less than 100% of the time",NA,NA,NA,NA,NA,NA,NA,NA,"","",1,87500,NA,"personal"
"647","9/28/2018 16:37","9/28/2018 16:38",100,49,TRUE,"9/28/2018 16:38","R_wTux9jNJdEgK34d",57.15879822,-154.0800018,0,0,"No","Yes",NA,"",NA,NA,"No or did not report","","",NA,"","","","",NA,"Less than 100% of the time",NA,NA,NA,NA,NA,NA,NA,NA,"","",1,87500,NA,"personal"
"648","9/28/2018 16:47","9/28/2018 16:47",100,32,TRUE,"9/28/2018 16:47","R_ehS84d9EHFkHQgF",61.52349854,-149.5747986,0,0,"No","No",NA,"",NA,NA,"No or did not report","","",NA,"","","","",NA,"Less than 100% of the time",NA,NA,NA,NA,NA,NA,NA,NA,"","",1,87500,NA,"personal"
"649","9/28/2018 17:03","9/28/2018 17:04",100,67,TRUE,"9/28/2018 17:04","R_3FLGPs1YnXfuO4j",56.73530579,-135.009201,0,0,"No","Yes",NA,"",NA,NA,"No or did not report","","",NA,"","","","",NA,"Less than 100% of the time",NA,NA,NA,NA,NA,NA,NA,NA,"","",1,87500,NA,"personal"
"650","9/28/2018 18:35","9/28/2018 18:36",100,45,TRUE,"9/28/2018 18:36","R_1FD3fuIPzBeKwMI",61.52349854,-149.5747986,0,0,"No","No",NA,"",NA,NA,"No or did not report","","",NA,"","","","",NA,"Less than 100% of the time",NA,NA,NA,NA,NA,NA,NA,NA,"","",1,87500,NA,"personal"
"651","9/28/2018 18:49","9/28/2018 18:50",100,60,TRUE,"9/28/2018 18:50","R_AtFAj7ih9V8MdTX",59.40390015,-151.3238983,0,0,"No","Yes",NA,"",NA,NA,"No or did not report","","",NA,"","","","",NA,"Less than 100% of the time",NA,NA,NA,NA,NA,NA,NA,NA,"","",1,87500,NA,"personal"
"652","9/28/2018 19:14","9/28/2018 19:17",100,133,TRUE,"9/28/2018 19:17","R_9WGlsnwWtW3wfAZ",59.40390015,-151.3238983,0,0,"No","No",NA,"",NA,NA,"No or did not report","","",NA,"","","","",NA,"Less than 100% of the time",NA,NA,NA,NA,NA,NA,NA,NA,"","",1,87500,NA,"personal"
"653","9/28/2018 19:37","9/28/2018 19:54",100,1009,TRUE,"9/28/2018 19:54","R_XsMie8XtBQIhevL",61.52349854,-149.5747986,0,0,"Yes","No","No","2",20,12,"No or did not report","","Yes",1998,"New","Oregon","No","",61,"Less than 100% of the time",5,3,5,3,2,3,5,5,"","gaveEmail",1,87500,"61-70","personal"
"654","9/28/2018 18:54","9/28/2018 20:32",100,5850,TRUE,"9/28/2018 20:32","R_1g27jpu0eSxYjYZ",61.2059021,-149.8231964,0,0,"Yes","Yes","Yes","3",21,15,"No or did not report","","No",NA,"","","No","",44,"Less than 100% of the time",3,2,2,2,2,2,2,2,"Reporting: keeping an eye out for invasive plants and animals after each boat trip and report sightings?(Note, convenient and user-friendly reporting tools are available, such as smart phone apps.)","gaveEmail",1,12500,"41-50","personal"
"655","9/29/2018 7:12","9/29/2018 7:13",100,56,TRUE,"9/29/2018 7:13","R_1DVamzrFhuu2HEM",61.40649414,-145.6669922,0,0,"No","Yes",NA,"",NA,NA,"No or did not report","","",NA,"","","","",NA,"Less than 100% of the time",NA,NA,NA,NA,NA,NA,NA,NA,"","",1,87500,NA,"personal"
"656","9/29/2018 8:38","9/29/2018 8:39",100,101,TRUE,"9/29/2018 8:39","R_3MaJrqNMEWAx2DA",58.58129883,-134.7698059,0,0,"No","Yes",NA,"",NA,NA,"No or did not report","","",NA,"","","","",NA,"Less than 100% of the time",NA,NA,NA,NA,NA,NA,NA,NA,"","",1,87500,NA,"personal"
"657","9/29/2018 8:52","9/29/2018 8:53",100,31,TRUE,"9/29/2018 8:53","R_3fJG6Q6ldKpUo2Y",55.61529541,-131.5848083,0,0,"No","Yes",NA,"",NA,NA,"No or did not report","","",NA,"","","","",NA,"Less than 100% of the time",NA,NA,NA,NA,NA,NA,NA,NA,"","",1,87500,NA,"personal"
"658","9/29/2018 8:39","9/29/2018 9:00",100,1231,TRUE,"9/29/2018 9:00","R_3suXhhCUicLLg1j",61.08070374,-149.7091064,0,0,"Yes","Yes","No","",20,5,"No or did not report","","No",NA,"","","No","",60,"100% of the time",5,2,5,3,4,5,5,4,"Reporting: keeping an eye out for invasive plants and animals after each boat trip and report sightings?(Note, convenient and user-friendly reporting tools are available, such as smart phone apps.)","gaveEmail",1,87500,"51-60","personal"
"659","9/29/2018 9:23","9/29/2018 9:24",100,44,TRUE,"9/29/2018 9:24","R_3PStk8RQiWlbIpb",44.63909912,-123.2709961,1,0,"No","Yes",NA,"",NA,NA,"No or did not report","","",NA,"","","","",NA,"Less than 100% of the time",NA,NA,NA,NA,NA,NA,NA,NA,"","",0,87500,NA,"commercial"
"660","9/29/2018 10:33","9/29/2018 10:37",100,254,TRUE,"9/29/2018 10:37","R_2agYZuguQhwLvIq",57.15879822,-154.0800018,0.9,0,"No","Yes",NA,"",NA,NA,"No or did not report","","",NA,"","","","",NA,"Less than 100% of the time",NA,NA,NA,NA,NA,NA,NA,NA,"","",0.1,87500,NA,"commercial"
"661","9/29/2018 10:41","9/29/2018 10:43",100,123,TRUE,"9/29/2018 10:43","R_1nMZKxAoFkWNEAb",37.75100708,-97.8219986,0,0,"No","No",NA,"",NA,NA,"No or did not report","","",NA,"","","","",NA,"Less than 100% of the time",NA,NA,NA,NA,NA,NA,NA,NA,"","",1,87500,NA,"personal"
"662","9/29/2018 10:31","9/29/2018 10:52",100,1243,TRUE,"9/29/2018 10:52","R_2dYlGPlCRA3tEK4",58.08650208,-135.4353943,0,0,"No","Yes",NA,"",NA,NA,"No or did not report","","",NA,"","","","",NA,"Less than 100% of the time",NA,NA,NA,NA,NA,NA,NA,NA,"","",1,87500,NA,"personal"
"663","9/29/2018 10:53","9/29/2018 10:55",100,105,TRUE,"9/29/2018 10:55","R_2EmaUJLTvfrOiPp",59.40390015,-151.3238983,0,0,"No","Yes",NA,"",NA,NA,"No or did not report","","",NA,"","","","",NA,"Less than 100% of the time",NA,NA,NA,NA,NA,NA,NA,NA,"","",1,87500,NA,"personal"
"664","9/29/2018 10:54","9/29/2018 11:05",100,626,TRUE,"9/29/2018 11:05","R_10BZdwDMWDzu8eO",61.40649414,-145.6669922,0,0,"Yes","No","No","2",20,10,"No or did not report","","No",NA,"","","No","",33,"Less than 100% of the time",2,2,5,3,5,4,4,2,"","gaveEmail",1,87500,"31-40","personal"
"665","9/29/2018 11:14","9/29/2018 11:15",100,24,TRUE,"9/29/2018 11:15","R_1Hbqmc0Xdz7S3Pg",61.145401,-149.7664032,0,0,"No","Yes",NA,"",NA,NA,"No or did not report","","",NA,"","","","",NA,"Less than 100% of the time",NA,NA,NA,NA,NA,NA,NA,NA,"","",1,87500,NA,"personal"
"666","9/28/2018 21:21","9/29/2018 11:25",100,50618,TRUE,"9/29/2018 11:25","R_3QVsGVKspcJKAqC",60.32080078,-150.7989044,0,0,"Yes","No","No","3",15,5,"No or did not report","","No",NA,"","","No","",59,"100% of the time",5,4,3,3,3,5,4,3,"","gaveEmail",1,137500,"51-60","personal"
"667","9/29/2018 11:12","9/29/2018 11:29",100,1045,TRUE,"9/29/2018 11:29","R_1QnIV60ShgqISdE",61.21809387,-149.9002991,0,0,"Yes","Yes","No","4",25,5,"No or did not report","","No",NA,"","","No","",54,"Less than 100% of the time",5,4,3,3,3,4,5,4,"","",1,62500,"51-60","personal"
"668","9/29/2018 11:48","9/29/2018 11:49",100,43,TRUE,"9/29/2018 11:49","R_1JUtW9Exjx79dTX",60.66059875,-150.9060059,0,0,"No","No",NA,"",NA,NA,"No or did not report","","",NA,"","","","",NA,"Less than 100% of the time",NA,NA,NA,NA,NA,NA,NA,NA,"","",1,87500,NA,"personal"
"669","9/29/2018 11:53","9/29/2018 12:04",100,656,TRUE,"9/29/2018 12:04","R_26fNQRPyBTO1AJb",37.75100708,-97.8219986,0.1,0,"Yes","No","No","7",50,40,"No or did not report","","No",NA,"","","No","",42,"100% of the time",5,1,5,5,5,5,5,5,"","",0.9,62500,"41-50","personal"
"670","9/29/2018 12:13","9/29/2018 12:42",100,1687,TRUE,"9/29/2018 12:42","R_39T7Js3q3LXU1iN",62.0670929,-163.290802,0,0,"Yes","Yes",NA,"1",23,14,"No or did not report","","No",NA,"","","No","",59,"100% of the time",5,1,5,1,1,1,1,2,"","",1,12500,"51-60","personal"
"671","9/29/2018 12:47","9/29/2018 12:47",100,34,TRUE,"9/29/2018 12:47","R_UQqa0lws2qh1JCN",61.52349854,-149.5747986,0,0,"No","Yes",NA,"",NA,NA,"No or did not report","","",NA,"","","","",NA,"Less than 100% of the time",NA,NA,NA,NA,NA,NA,NA,NA,"","",1,87500,NA,"personal"
"672","9/29/2018 12:39","9/29/2018 12:48",100,497,TRUE,"9/29/2018 12:48","R_BMut3CaAKcZjNyF",64.90060425,-148.1613007,0,0,"Yes","Yes","Yes","2",40,20,"No or did not report","","No",NA,"","","No","",42,"Less than 100% of the time",5,NA,5,NA,3,NA,NA,NA,"","",1,137500,"41-50","personal"
"673","9/29/2018 13:07","9/29/2018 13:07",100,41,TRUE,"9/29/2018 13:07","R_2xDDaopc4xyFw5U",57.0585022,-132.627594,0,0,"No","Yes",NA,"",NA,NA,"No or did not report","","",NA,"","","","",NA,"Less than 100% of the time",NA,NA,NA,NA,NA,NA,NA,NA,"","",1,87500,NA,"personal"
"674","9/29/2018 13:08","9/29/2018 13:09",100,36,TRUE,"9/29/2018 13:09","R_2Cg4BA2ohVWRwNE",55.61529541,-131.5848083,0,0,"No","Yes",NA,"",NA,NA,"No or did not report","","",NA,"","","","",NA,"Less than 100% of the time",NA,NA,NA,NA,NA,NA,NA,NA,"","",1,87500,NA,"personal"
"675","9/29/2018 13:39","9/29/2018 13:48",100,510,TRUE,"9/29/2018 13:48","R_3LjYpg9rBIwd5zM",61.08070374,-149.7091064,0,0,"Yes","No","No","3",NA,NA,"No or did not report","","No",NA,"","","No","",64,"100% of the time",NA,NA,NA,NA,NA,NA,NA,NA,"Reporting: keeping an eye out for invasive plants and animals after each boat trip and report sightings?(Note, convenient and user-friendly reporting tools are available, such as smart phone apps.)","",1,62500,"61-70","personal"
"676","9/29/2018 14:04","9/29/2018 14:21",100,1036,TRUE,"9/29/2018 14:21","R_2RX7o8PI3NDwqkc",37.50790405,-121.9598999,0,0,"Yes","No","Yes","",30,0,"No or did not report","","No",NA,"","","No","",41,"100% of the time",5,5,1,1,1,5,5,5,"","gaveEmail",1,37500,"41-50","personal"
"677","9/29/2018 14:56","9/29/2018 15:04",100,465,TRUE,"9/29/2018 15:04","R_3oBWKr0YM0IXazk",64.77830505,-147.3370972,0,0,"Yes","No","Yes","2",20,10,"No or did not report","","No",NA,"","","No","",52,"Less than 100% of the time",5,1,2,1,1,1,3,1,"Reporting: keeping an eye out for invasive plants and animals after each boat trip and report sightings?(Note, convenient and user-friendly reporting tools are available, such as smart phone apps.)","gaveEmail",1,87500,"51-60","personal"
"678","9/29/2018 15:46","9/29/2018 15:47",100,69,TRUE,"9/29/2018 15:47","R_1IF5gIbrsHgopNK",58.58129883,-134.7698059,0,0,"No","Yes",NA,"",NA,NA,"No or did not report","","",NA,"","","","",NA,"Less than 100% of the time",NA,NA,NA,NA,NA,NA,NA,NA,"","",1,87500,NA,"personal"
"679","9/29/2018 18:51","9/29/2018 18:52",100,45,TRUE,"9/29/2018 18:52","R_2UWV4ZzLNU3wKNV",47.61450195,-122.3479996,0,0,"No","No",NA,"",NA,NA,"No or did not report","","",NA,"","","","",NA,"Less than 100% of the time",NA,NA,NA,NA,NA,NA,NA,NA,"","",1,87500,NA,"personal"
"680","9/29/2018 18:53","9/29/2018 18:54",100,79,TRUE,"9/29/2018 18:54","R_30ic0Qye6ix2s7Y",42.37939453,-123.3983002,0,0,"No","No",NA,"",NA,NA,"No or did not report","","",NA,"","","","",NA,"Less than 100% of the time",NA,NA,NA,NA,NA,NA,NA,NA,"","",1,87500,NA,"personal"
"681","9/29/2018 19:10","9/29/2018 19:11",100,40,TRUE,"9/29/2018 19:11","R_1LTZScrIAUehQ62",61.52349854,-149.5747986,0,0,"No","No",NA,"",NA,NA,"No or did not report","","",NA,"","","","",NA,"Less than 100% of the time",NA,NA,NA,NA,NA,NA,NA,NA,"","",1,87500,NA,"personal"
"682","9/29/2018 19:23","9/29/2018 19:24",100,77,TRUE,"9/29/2018 19:24","R_9pdSAEbyS4EHFn3",55.61529541,-131.5848083,0,0,"No","Yes",NA,"",NA,NA,"No or did not report","","",NA,"","","","",NA,"Less than 100% of the time",NA,NA,NA,NA,NA,NA,NA,NA,"","",1,87500,NA,"personal"
"683","9/29/2018 19:44","9/29/2018 19:56",100,753,TRUE,"9/29/2018 19:56","R_3flY2LLlGBwR3P4",60.93240356,-161.8005981,0,0,"Yes","No","No","4",50,20,"No or did not report","","No",NA,"","","No","",35,"100% of the time",5,1,1,1,1,5,4,4,"Reporting: keeping an eye out for invasive plants and animals after each boat trip and report sightings?(Note, convenient and user-friendly reporting tools are available, such as smart phone apps.)","gaveEmail",1,137500,"31-40","personal"
"684","9/29/2018 19:52","9/29/2018 20:03",100,667,TRUE,"9/29/2018 20:03","R_3kGHWCp5MX98SIO",61.16369629,-149.9916992,0,0,"Yes","No",NA,"2",NA,NA,"No or did not report","","No",NA,"","","No","",48,"100% of the time",3,2,2,3,1,4,2,1,"","gaveEmail",1,62500,"41-50","personal"
"685","9/29/2018 22:23","9/29/2018 22:32",100,500,TRUE,"9/29/2018 22:32","R_2rAe0zBnH2KtZic",61.145401,-149.7664032,0,0,"Yes","No","Yes","2",20,15,"Yes","Yukon Territories","No",NA,"","","No","",66,"100% of the time",3,2,2,3,1,4,5,1,"Reporting: keeping an eye out for invasive plants and animals after each boat trip and report sightings?(Note, convenient and user-friendly reporting tools are available, such as smart phone apps.)","gaveEmail",1,112500,"61-70","personal"
"686","9/30/2018 8:12","9/30/2018 8:13",100,79,TRUE,"9/30/2018 8:13","R_29hqekPFEmNZ6oV",61.40649414,-145.6669922,0,0,"No","Yes",NA,"",NA,NA,"No or did not report","","",NA,"","","","",NA,"Less than 100% of the time",NA,NA,NA,NA,NA,NA,NA,NA,"","",1,87500,NA,"personal"
"687","9/23/2018 18:15","9/30/2018 9:23",100,572885,TRUE,"9/30/2018 9:23","R_3PTgOEfERTERNuZ",61.52349854,-149.5747986,0,0,"Yes","No","No","none",NA,NA,"No or did not report","","No",NA,"","","No","",80,"Less than 100% of the time",5,1,5,1,3,5,1,1,"","",1,62500,"71-80","personal"
"688","9/30/2018 10:48","9/30/2018 10:49",100,64,TRUE,"9/30/2018 10:49","R_3qvsCwGaNOZ7Kor",61.21490479,-149.2583008,0,0,"No","Yes",NA,"",NA,NA,"No or did not report","","",NA,"","","","",NA,"Less than 100% of the time",NA,NA,NA,NA,NA,NA,NA,NA,"","",1,87500,NA,"personal"
"689","9/30/2018 11:20","9/30/2018 11:21",100,69,TRUE,"9/30/2018 11:21","R_1gGPDTJIMHS23ik",60.79170227,-145.6119995,0,0,"No","Yes",NA,"",NA,NA,"No or did not report","","",NA,"","","","",NA,"Less than 100% of the time",NA,NA,NA,NA,NA,NA,NA,NA,"","",1,87500,NA,"personal"
"690","9/30/2018 11:27","9/30/2018 11:28",100,70,TRUE,"9/30/2018 11:28","R_uqvvGKKgrss0Kjf",55.61529541,-131.5848083,0.1,0.8,"No","Yes",NA,"",NA,NA,"No or did not report","","",NA,"","","","",NA,"Less than 100% of the time",NA,NA,NA,NA,NA,NA,NA,NA,"","",0.1,87500,NA,"government"
"691","9/30/2018 11:41","9/30/2018 11:43",100,166,TRUE,"9/30/2018 11:43","R_3FKVNl32Dj7qB5u",61.08070374,-149.7091064,0,0,"No","Yes",NA,"",NA,NA,"No or did not report","","",NA,"","","","",NA,"Less than 100% of the time",NA,NA,NA,NA,NA,NA,NA,NA,"","",1,87500,NA,"personal"
"692","9/30/2018 12:06","9/30/2018 12:07",100,39,TRUE,"9/30/2018 12:07","R_qJl3WAez5iW5lS1",61.52349854,-149.5747986,0,0,"No","No",NA,"",NA,NA,"No or did not report","","",NA,"","","","",NA,"Less than 100% of the time",NA,NA,NA,NA,NA,NA,NA,NA,"","",1,87500,NA,"personal"
"693","9/30/2018 15:43","9/30/2018 15:49",100,384,TRUE,"9/30/2018 15:49","R_2Svt87p15hjAumG",61.2059021,-149.8231964,0,0,"Yes","No","No","4",NA,NA,"No or did not report","","No",NA,"","","No","",80,"Less than 100% of the time",4,NA,NA,NA,NA,NA,NA,NA,"","",1,37500,"71-80","personal"
"694","9/30/2018 16:36","9/30/2018 16:38",100,155,TRUE,"9/30/2018 16:38","R_1LwFLN8J129nQ4H",55.9539032,-131.9611969,0,0,"No","Yes",NA,"",NA,NA,"No or did not report","","",NA,"","","","",NA,"Less than 100% of the time",NA,NA,NA,NA,NA,NA,NA,NA,"","",1,87500,NA,"personal"
"695","9/30/2018 18:42","9/30/2018 18:42",100,31,TRUE,"9/30/2018 18:42","R_3Rt15m5wG20CQZh",61.52349854,-149.5747986,0,0,"No","No",NA,"",NA,NA,"No or did not report","","",NA,"","","","",NA,"Less than 100% of the time",NA,NA,NA,NA,NA,NA,NA,NA,"","",1,87500,NA,"personal"
"696","9/30/2018 18:49","9/30/2018 18:49",100,28,TRUE,"9/30/2018 18:49","R_2R2gUxKpYCtUz5c",58.58129883,-134.7698059,0,0,"No","Yes",NA,"",NA,NA,"No or did not report","","",NA,"","","","",NA,"Less than 100% of the time",NA,NA,NA,NA,NA,NA,NA,NA,"","",1,87500,NA,"personal"
"697","9/30/2018 19:53","9/30/2018 19:54",100,52,TRUE,"9/30/2018 19:54","R_2U3gsLDiumFOhct",61.15939331,-149.8865051,0,0,"No","Yes",NA,"",NA,NA,"No or did not report","","",NA,"","","","",NA,"Less than 100% of the time",NA,NA,NA,NA,NA,NA,NA,NA,"","",1,87500,NA,"personal"
"698","9/30/2018 19:48","9/30/2018 19:57",100,504,TRUE,"9/30/2018 19:57","R_UFPU2sYrM7oqrQd",59.40390015,-151.3238983,0.9,0,"Yes","Yes","No","1",2,1,"No or did not report","","No",NA,"","","No","",53,"100% of the time",NA,NA,NA,NA,NA,NA,NA,NA,"Reporting: keeping an eye out for invasive plants and animals after each boat trip and report sightings?(Note, convenient and user-friendly reporting tools are available, such as smart phone apps.)","gaveEmail",0.1,87500,"51-60","commercial"
"699","9/30/2018 20:02","9/30/2018 20:03",100,86,TRUE,"9/30/2018 20:04","R_YXjxRhtRUOjPWaR",60.93240356,-161.8005981,0,0,"No","No",NA,"",NA,NA,"No or did not report","","",NA,"","","","",NA,"Less than 100% of the time",NA,NA,NA,NA,NA,NA,NA,NA,"","",1,87500,NA,"personal"
"700","9/30/2018 20:36","9/30/2018 20:37",100,58,TRUE,"9/30/2018 20:37","R_r0WYg0GByae4HSx",61.145401,-149.7664032,0,0,"No","No",NA,"",NA,NA,"No or did not report","","",NA,"","","","",NA,"Less than 100% of the time",NA,NA,NA,NA,NA,NA,NA,NA,"","",1,87500,NA,"personal"
"701","9/30/2018 20:42","9/30/2018 20:50",100,499,TRUE,"9/30/2018 20:51","R_3LjN5KOclPVNLYf",61.59939575,-149.1145935,0,0,"Yes","Yes","No","4",21,5,"No or did not report","","No",NA,"","","No","",45,"100% of the time",5,1,5,5,2,5,5,3,"Reporting: keeping an eye out for invasive plants and animals after each boat trip and report sightings?(Note, convenient and user-friendly reporting tools are available, such as smart phone apps.),Monitoring: a more involved protocol not only keeping an eye out for invasives but collecting water samples, etc.","gaveEmail",1,112500,"41-50","personal"
"702","9/30/2018 21:26","9/30/2018 21:27",100,71,TRUE,"9/30/2018 21:27","R_20SeAuBrJkw67gT",61.11199951,-149.9044037,0,0,"No","Yes",NA,"",NA,NA,"No or did not report","","",NA,"","","","",NA,"Less than 100% of the time",NA,NA,NA,NA,NA,NA,NA,NA,"","",1,87500,NA,"personal"
"703","9/30/2018 22:33","9/30/2018 22:41",100,479,TRUE,"9/30/2018 22:41","R_4YMPRzHCudf8JFL",61.16369629,-149.9916992,0,0,"Yes","Yes","No","5",NA,NA,"No or did not report","","No",NA,"","","Yes","",45,"Less than 100% of the time",NA,NA,NA,NA,NA,NA,5,NA,"","",1,62500,"41-50","personal"
"704","10/1/2018 1:44","10/1/2018 1:46",100,114,TRUE,"10/1/2018 1:46","R_217IGZea2M6PM1C",38.00509644,-121.8386993,0,0,"No","Yes",NA,"",NA,NA,"No or did not report","","",NA,"","","","",NA,"Less than 100% of the time",NA,NA,NA,NA,NA,NA,NA,NA,"","",1,87500,NA,"personal"
"705","10/1/2018 4:57","10/1/2018 5:06",100,499,TRUE,"10/1/2018 5:06","R_2qgwfs0jTyfmiyZ",32.77870178,-96.82170105,0,0,"Yes","No","No","3",NA,NA,"No or did not report","","No",NA,"","","No","",NA,"Less than 100% of the time",5,NA,NA,NA,NA,NA,NA,NA,"","",1,87500,NA,"personal"
"706","10/1/2018 7:25","10/1/2018 7:53",100,1657,TRUE,"10/1/2018 7:53","R_3D0U2pMMbVkj9xz",39.73629761,-93.98069763,0,0,"Yes","No",NA,"4",25,15,"No or did not report","","No",NA,"","","No","",68,"100% of the time",5,2,5,5,5,5,5,5,"","gaveEmail",1,87500,"61-70","personal"
"707","10/1/2018 8:17","10/1/2018 8:19",100,109,TRUE,"10/1/2018 8:19","R_3QFZ1ZGP6ygkFtD",61.2059021,-149.8231964,0,0,"Yes","No","No","",NA,NA,"No or did not report","","No",NA,"","","","",NA,"Less than 100% of the time",NA,NA,NA,NA,NA,NA,NA,NA,"","",1,87500,NA,"personal"
"708","10/1/2018 8:27","10/1/2018 8:27",100,9,TRUE,"10/1/2018 8:27","R_2wvjNs3wb8VMXmX",61.2059021,-149.8231964,0,0,"No","Yes",NA,"",NA,NA,"No or did not report","","",NA,"","","","",NA,"Less than 100% of the time",NA,NA,NA,NA,NA,NA,NA,NA,"","",1,87500,NA,"personal"
"709","10/1/2018 8:46","10/1/2018 9:02",100,1011,TRUE,"10/1/2018 9:02","R_siKgHoLMGXUljl7",61.2059021,-149.8231964,0,0,"No","Yes",NA,"",NA,NA,"No or did not report","","",NA,"","","","",NA,"Less than 100% of the time",NA,NA,NA,NA,NA,NA,NA,NA,"","",1,87500,NA,"personal"
"710","10/1/2018 9:07","10/1/2018 9:07",100,9,TRUE,"10/1/2018 9:07","R_27D226QlbZ44uLS",61.2059021,-149.8231964,0,0,"No","No",NA,"",NA,NA,"No or did not report","","",NA,"","","","",NA,"Less than 100% of the time",NA,NA,NA,NA,NA,NA,NA,NA,"","",1,87500,NA,"personal"
"711","10/1/2018 9:07","10/1/2018 9:25",100,1086,TRUE,"10/1/2018 9:25","R_5pD37SnWLvkqITf",58.58129883,-134.7698059,0,0,"Yes","Yes","No","1",20,20,"No or did not report","","No",NA,"","","No","",41,"100% of the time",5,3,3,2,1,5,3,3,"","",1,112500,"41-50","personal"
"712","9/22/2018 21:17","10/1/2018 9:54",100,736650,TRUE,"10/1/2018 9:54","R_25Ykd069mC2Atxd",64.83779907,-147.7164001,0.8,0,"Yes","Yes",NA,"3",10,4,"No or did not report","","No",NA,"","","No","",54,"100% of the time",5,3,5,5,1,5,4,1,"","gaveEmail",0.2,137500,"51-60","commercial"
"713","9/13/2018 7:09","10/1/2018 10:09",100,1565992,TRUE,"10/1/2018 10:09","R_ablHw5FnYtXQhln",61.2059021,-149.8231964,0,0,"Yes","Yes","Yes","1",50,0,"No or did not report","","No",NA,"","","No","",57,"100% of the time",5,5,5,1,1,3,5,3,"Reporting: keeping an eye out for invasive plants and animals after each boat trip and report sightings?(Note, convenient and user-friendly reporting tools are available, such as smart phone apps.),Monitoring: a more involved protocol not only keeping an eye out for invasives but collecting water samples, etc.,Outreach: connecting other boat operators and organizations,Decontamination: conducting training and workshops,Decontamination: developing best practices guide","gaveEmail",1,87500,"51-60","personal"
"714","10/1/2018 10:07","10/1/2018 10:30",100,1341,TRUE,"10/1/2018 10:30","R_1QcQgn2h4eoyl49",61.145401,-149.7664032,0,0,"Yes","Yes","No","1",NA,NA,"No or did not report","","Yes",2007,"Used","Washington","No","",57,"100% of the time",4,3,3,3,1,4,5,4,"Reporting: keeping an eye out for invasive plants and animals after each boat trip and report sightings?(Note, convenient and user-friendly reporting tools are available, such as smart phone apps.),Monitoring: a more involved protocol not only keeping an eye out for invasives but collecting water samples, etc.","gaveEmail",1,175000,"51-60","personal"
"715","10/1/2018 10:30","10/1/2018 10:50",100,1204,TRUE,"10/1/2018 10:50","R_2rSZRkDraw4FYzj",63.66879272,-143.196106,0,0,"Yes","No","No","1",3,2,"No or did not report","","No",NA,"","","No","",74,"100% of the time",4,2,4,1,1,3,3,1,"Reporting: keeping an eye out for invasive plants and animals after each boat trip and report sightings?(Note, convenient and user-friendly reporting tools are available, such as smart phone apps.)","gaveEmail",1,62500,"71-80","personal"
"716","10/1/2018 11:12","10/1/2018 11:25",100,825,TRUE,"10/1/2018 11:25","R_27IswC0DgXMO376",61.52349854,-149.5747986,0,0,"Yes","No","No","2",9,5,"No or did not report","","No",NA,"","","No","",50,"Less than 100% of the time",1,1,3,4,3,4,5,5,"","gaveEmail",1,112500,"41-50","personal"
"717","10/1/2018 12:02","10/1/2018 12:03",100,45,TRUE,"10/1/2018 12:03","R_1lztbkNnT4NJMFk",61.40649414,-145.6669922,0,0,"No","Yes",NA,"",NA,NA,"No or did not report","","",NA,"","","","",NA,"Less than 100% of the time",NA,NA,NA,NA,NA,NA,NA,NA,"","",1,87500,NA,"personal"
"718","10/1/2018 11:44","10/1/2018 12:05",100,1287,TRUE,"10/1/2018 12:05","R_2aqR6klgvQAU6sU",34.05439758,-118.2440033,0,0,"Yes","No","No","4",40,25,"No or did not report","","No",NA,"","","No","",43,"Less than 100% of the time",1,1,2,1,1,5,1,1,"","",1,37500,"41-50","personal"
"719","10/1/2018 12:03","10/1/2018 12:10",100,418,TRUE,"10/1/2018 12:10","R_ypvnxji8lWUZ4vT",47.66059875,-122.2919006,0,0,"Yes","No","No","4",NA,NA,"No or did not report","","No",NA,"","","No","",NA,"Less than 100% of the time",5,1,5,1,1,5,2,1,"","",1,87500,NA,"personal"
"720","10/1/2018 12:24","10/1/2018 12:24",100,42,TRUE,"10/1/2018 12:24","R_3qfCLy5qwKAATlX",47.66059875,-122.2919006,0,0,"No","Yes",NA,"",NA,NA,"No or did not report","","",NA,"","","","",NA,"Less than 100% of the time",NA,NA,NA,NA,NA,NA,NA,NA,"","",1,87500,NA,"personal"
"721","10/1/2018 12:13","10/1/2018 12:27",100,801,TRUE,"10/1/2018 12:27","R_2qf52s3xVsquZpU",64.8184967,-147.7216034,1,0,"Yes","No","No","",NA,NA,"No or did not report","","Yes",2018,"New","Oregon","No","",NA,"100% of the time",5,NA,NA,NA,NA,NA,NA,NA,"","",0,87500,NA,"commercial"
"722","10/1/2018 12:30","10/1/2018 12:31",100,42,TRUE,"10/1/2018 12:31","R_2SjKIXrHjDerGG7",61.40649414,-145.6669922,0,0,"No","Yes",NA,"",NA,NA,"No or did not report","","",NA,"","","","",NA,"Less than 100% of the time",NA,NA,NA,NA,NA,NA,NA,NA,"","",1,87500,NA,"personal"
"723","10/1/2018 12:23","10/1/2018 12:35",100,743,TRUE,"10/1/2018 12:35","R_8l8g4bE9mhe8RRT",61.52349854,-149.5747986,0,0,"Yes","No","No","2",45,0,"No or did not report","","No",NA,"","","Yes","",52,"Less than 100% of the time",5,4,5,1,5,3,1,1,"Reporting: keeping an eye out for invasive plants and animals after each boat trip and report sightings?(Note, convenient and user-friendly reporting tools are available, such as smart phone apps.),Outreach: connecting other boat operators and organizations","gaveEmail",1,112500,"51-60","personal"
"724","10/1/2018 12:37","10/1/2018 12:38",100,36,TRUE,"10/1/2018 12:38","R_2cCLMimEGlOYgk3",37.28520203,-121.9887009,0,0,"No","No",NA,"",NA,NA,"No or did not report","","",NA,"","","","",NA,"Less than 100% of the time",NA,NA,NA,NA,NA,NA,NA,NA,"","",1,87500,NA,"personal"
"725","10/1/2018 13:00","10/1/2018 13:26",100,1576,TRUE,"10/1/2018 13:26","R_2uEvyCPhwSnA36u",57.53999329,-153.9786072,0.3,0,"Yes","Yes","No","4",NA,NA,"No or did not report","","No",NA,"","","No","",27,"100% of the time",5,1,3,5,3,5,2,5,"","gaveEmail",0.7,12500,"21-30","personal"
"726","10/1/2018 13:41","10/1/2018 13:41",100,13,TRUE,"10/1/2018 13:41","R_1GTaof725UPPTs9",61.2059021,-149.8231964,0,0,"No","No",NA,"",NA,NA,"No or did not report","","",NA,"","","","",NA,"Less than 100% of the time",NA,NA,NA,NA,NA,NA,NA,NA,"","",1,87500,NA,"personal"
"727","10/1/2018 13:45","10/1/2018 13:45",100,8,TRUE,"10/1/2018 13:45","R_1P17hwayU5toIAF",61.2059021,-149.8231964,0,0,"No","Yes",NA,"",NA,NA,"No or did not report","","",NA,"","","","",NA,"Less than 100% of the time",NA,NA,NA,NA,NA,NA,NA,NA,"","",1,87500,NA,"personal"
"728","10/1/2018 13:47","10/1/2018 13:47",100,10,TRUE,"10/1/2018 13:47","R_2ByORB6ETJOMRvJ",61.2059021,-149.8231964,0,0,"No","No",NA,"",NA,NA,"No or did not report","","",NA,"","","","",NA,"Less than 100% of the time",NA,NA,NA,NA,NA,NA,NA,NA,"","",1,87500,NA,"personal"
"729","10/1/2018 13:48","10/1/2018 13:48",100,9,TRUE,"10/1/2018 13:48","R_bdyhR4TSC2GA4LL",61.2059021,-149.8231964,0,0,"No","Yes",NA,"",NA,NA,"No or did not report","","",NA,"","","","",NA,"Less than 100% of the time",NA,NA,NA,NA,NA,NA,NA,NA,"","",1,87500,NA,"personal"
"730","10/1/2018 13:42","10/1/2018 13:58",100,1004,TRUE,"10/1/2018 13:58","R_3p4o27bXXqcWrn3",61.21809387,-149.9002991,0,0,"Yes","Yes","No","3",4,2,"No or did not report","","No",NA,"","","No","",45,"100% of the time",4,2,3,2,1,5,5,3,"Reporting: keeping an eye out for invasive plants and animals after each boat trip and report sightings?(Note, convenient and user-friendly reporting tools are available, such as smart phone apps.)","gaveEmail",1,112500,"41-50","personal"
"731","10/1/2018 14:08","10/1/2018 14:24",100,935,TRUE,"10/1/2018 14:24","R_3aOn2KTV1TKRbS9",61.11199951,-149.9044037,0,0,"Yes","No","No","4",20,5,"No or did not report","","No",NA,"","","No","",63,"Less than 100% of the time",3,2,3,3,3,2,3,3,"","gaveEmail",1,87500,"61-70","personal"
"732","10/1/2018 14:28","10/1/2018 14:47",100,1146,TRUE,"10/1/2018 14:47","R_3r2uymcHgQjj0UI",37.75100708,-97.8219986,0,0,"Yes","Yes","Yes","1",25,20,"No or did not report","","No",NA,"","","No","",69,"100% of the time",5,NA,NA,NA,NA,5,NA,5,"","gaveEmail",1,87500,"61-70","personal"
"733","10/1/2018 14:55","10/1/2018 14:56",100,26,TRUE,"10/1/2018 14:56","R_2Vfrj4ixixI8CAE",37.75100708,-97.8219986,0,0,"No","No",NA,"",NA,NA,"No or did not report","","",NA,"","","","",NA,"Less than 100% of the time",NA,NA,NA,NA,NA,NA,NA,NA,"","",1,87500,NA,"personal"
"734","10/1/2018 15:32","10/1/2018 15:34",100,90,TRUE,"10/1/2018 15:34","R_28CF6x375oV7lYl",61.2059021,-149.8231964,0,0,"Yes","No","No","",NA,NA,"No or did not report","","No",NA,"","","","",NA,"Less than 100% of the time",NA,NA,NA,NA,NA,NA,NA,NA,"","",1,87500,NA,"personal"
"735","10/1/2018 15:43","10/1/2018 15:43",100,10,TRUE,"10/1/2018 15:43","R_2vhNkf70vSW3QLm",61.2059021,-149.8231964,0,0,"No","Yes",NA,"",NA,NA,"No or did not report","","",NA,"","","","",NA,"Less than 100% of the time",NA,NA,NA,NA,NA,NA,NA,NA,"","",1,87500,NA,"personal"
"736","10/1/2018 10:36","10/1/2018 16:11",100,20110,TRUE,"10/1/2018 16:11","R_3rIGaxjbbmTSXjy",60.32080078,-150.7989044,0,0,"Yes","No",NA,"1",1,0,"No or did not report","","No",NA,"","","No","",68,"Less than 100% of the time",5,1,1,1,1,1,1,1,"","",1,137500,"61-70","personal"
"737","10/1/2018 16:02","10/1/2018 16:13",100,692,TRUE,"10/1/2018 16:13","R_2rNLbklt8sO3YtA",61.22309875,-149.8527985,0,0,"Yes","Yes","No","4",10,5,"No or did not report","","No",NA,"","","No","",52,"Less than 100% of the time",3,3,1,3,1,5,5,5,"Reporting: keeping an eye out for invasive plants and animals after each boat trip and report sightings?(Note, convenient and user-friendly reporting tools are available, such as smart phone apps.)","gaveEmail",1,175000,"51-60","personal"
"738","10/1/2018 16:19","10/1/2018 16:21",100,138,TRUE,"10/1/2018 16:21","R_2qE0o7zpXzSN6rz",61.52349854,-149.5747986,0,0,"No","No",NA,"",NA,NA,"No or did not report","","",NA,"","","","",NA,"Less than 100% of the time",NA,NA,NA,NA,NA,NA,NA,NA,"","",1,87500,NA,"personal"
"739","10/1/2018 16:24","10/1/2018 16:25",100,42,TRUE,"10/1/2018 16:25","R_2wo5P5GcY6Ui7x1",55.46220398,-132.8392029,0,0,"No","Yes",NA,"",NA,NA,"No or did not report","","",NA,"","","","",NA,"Less than 100% of the time",NA,NA,NA,NA,NA,NA,NA,NA,"","",1,87500,NA,"personal"
"740","10/1/2018 15:14","10/1/2018 16:29",100,4494,TRUE,"10/1/2018 16:29","R_1F9rhdC74YRf8BA",61.2059021,-149.8231964,0,0,"Yes","No","No","",NA,NA,"No or did not report","","No",NA,"","","","",NA,"Less than 100% of the time",NA,NA,NA,NA,NA,NA,NA,NA,"","",1,87500,NA,"personal"
"741","10/1/2018 17:11","10/1/2018 17:12",100,83,TRUE,"10/1/2018 17:12","R_2R7YA95xNDE06cB",61.2059021,-149.8231964,0,0,"No","Yes",NA,"",NA,NA,"No or did not report","","",NA,"","","","",NA,"Less than 100% of the time",NA,NA,NA,NA,NA,NA,NA,NA,"","",1,87500,NA,"personal"
"742","10/1/2018 18:50","10/1/2018 18:50",100,47,TRUE,"10/1/2018 18:50","R_2WZrPcs8ndIy680",61.18859863,-149.8878021,0,0,"No","No",NA,"",NA,NA,"No or did not report","","",NA,"","","","",NA,"Less than 100% of the time",NA,NA,NA,NA,NA,NA,NA,NA,"","",1,87500,NA,"personal"
"743","10/1/2018 19:08","10/1/2018 19:10",100,112,TRUE,"10/1/2018 19:10","R_3D59sqJ7ZMofQxg",38.00509644,-121.8386993,0,0,"No","Yes",NA,"",NA,NA,"No or did not report","","",NA,"","","","",NA,"Less than 100% of the time",NA,NA,NA,NA,NA,NA,NA,NA,"","",1,87500,NA,"personal"
"744","10/1/2018 19:15","10/1/2018 19:28",100,743,TRUE,"10/1/2018 19:28","R_2zpZwMrMXAs7lXv",60.79170227,-145.6119995,0,0,"Yes","Yes","Yes","2",20,20,"No or did not report","","No",NA,"","","No","",49,"Less than 100% of the time",2,4,3,2,2,4,2,5,"","gaveEmail",1,112500,"41-50","personal"
"745","9/28/2018 20:20","10/1/2018 21:00",100,261568,TRUE,"10/1/2018 21:00","R_2xypPCyCa4cjKG6",58.58129883,-134.7698059,0,0,"Yes","Yes","No","4",100,75,"No or did not report","","No",NA,"","","No","",42,"Less than 100% of the time",5,1,1,1,1,5,1,3,"","gaveEmail",1,175000,"41-50","personal"
"746","10/1/2018 21:00","10/1/2018 21:08",100,469,TRUE,"10/1/2018 21:08","R_33yvRhRMjdBSPjd",61.21809387,-149.9002991,0,0,"Yes","No","No","2",40,10,"No or did not report","","No",NA,"","","No","",66,"100% of the time",5,2,5,3,5,3,5,1,"Reporting: keeping an eye out for invasive plants and animals after each boat trip and report sightings?(Note, convenient and user-friendly reporting tools are available, such as smart phone apps.)","gaveEmail",1,137500,"61-70","personal"
"747","10/1/2018 21:43","10/1/2018 22:13",100,1802,TRUE,"10/1/2018 22:13","R_1n6I8NJADbaeh5g",61.52349854,-149.5747986,0,0,"Yes","No",NA,"2",0,0,"No or did not report","","No",NA,"","","No","",58,"Less than 100% of the time",5,3,5,5,4,5,4,4,"Reporting: keeping an eye out for invasive plants and animals after each boat trip and report sightings?(Note, convenient and user-friendly reporting tools are available, such as smart phone apps.)","gaveEmail",1,62500,"51-60","personal"
"748","10/2/2018 3:34","10/2/2018 3:39",100,290,TRUE,"10/2/2018 3:39","R_bm9rwPJnt7XV66d",33.74899292,-84.38800049,0,0,"Yes","No","No","8",15,5,"No or did not report","","No",NA,"","","No","",39,"Less than 100% of the time",4,3,5,3,3,3,3,3,"Outreach: connecting other boat operators and organizations","",1,87500,"31-40","personal"
"749","10/2/2018 4:19","10/2/2018 4:25",100,393,TRUE,"10/2/2018 4:25","R_2wcso1vUc57rI7P",43.18580627,-95.88069916,0,0,"Yes","Yes","No","2",10,5,"No or did not report","","No",NA,"","","No","",54,"100% of the time",4,NA,5,NA,5,NA,NA,NA,"Reporting: keeping an eye out for invasive plants and animals after each boat trip and report sightings?(Note, convenient and user-friendly reporting tools are available, such as smart phone apps.)","",1,87500,"51-60","personal"
"750","10/2/2018 6:14","10/2/2018 6:14",100,20,TRUE,"10/2/2018 6:14","R_1LXWGGJwwZo5tj1",61.21490479,-149.2583008,0,0,"No","No",NA,"",NA,NA,"No or did not report","","",NA,"","","","",NA,"Less than 100% of the time",NA,NA,NA,NA,NA,NA,NA,NA,"","",1,87500,NA,"personal"
"751","10/2/2018 8:35","10/2/2018 8:36",100,34,TRUE,"10/2/2018 8:36","R_Zsf20Q6Ao3PngBj",59.40390015,-151.3238983,0,0,"No","Yes",NA,"",NA,NA,"No or did not report","","",NA,"","","","",NA,"Less than 100% of the time",NA,NA,NA,NA,NA,NA,NA,NA,"","",1,87500,NA,"personal"
"752","10/2/2018 9:01","10/2/2018 9:02",100,82,TRUE,"10/2/2018 9:02","R_3oFPNvPvYSFEDVQ",61.145401,-149.7664032,0,0,"No","No",NA,"",NA,NA,"No or did not report","","",NA,"","","","",NA,"Less than 100% of the time",NA,NA,NA,NA,NA,NA,NA,NA,"","",1,87500,NA,"personal"
"753","10/2/2018 9:23","10/2/2018 9:58",100,2116,TRUE,"10/2/2018 9:58","R_1oC0zKg1644iJJT",61.18859863,-149.8878021,0,0,"No","Yes",NA,"",NA,NA,"No or did not report","","",NA,"","","","",NA,"Less than 100% of the time",NA,NA,NA,NA,NA,NA,NA,NA,"","",1,87500,NA,"personal"
"754","10/2/2018 10:18","10/2/2018 10:19",100,73,TRUE,"10/2/2018 10:19","R_3Le8ZgPkCSrZuRP",55.46220398,-132.8392029,0,0,"No","Yes",NA,"",NA,NA,"No or did not report","","",NA,"","","","",NA,"Less than 100% of the time",NA,NA,NA,NA,NA,NA,NA,NA,"","",1,87500,NA,"personal"
"755","10/2/2018 10:32","10/2/2018 10:33",100,46,TRUE,"10/2/2018 10:33","R_Ace5Fe3kBtoyxUZ",61.41369629,-149.1710968,0,0,"No","Yes",NA,"",NA,NA,"No or did not report","","",NA,"","","","",NA,"Less than 100% of the time",NA,NA,NA,NA,NA,NA,NA,NA,"","",1,87500,NA,"personal"
"756","10/2/2018 11:00","10/2/2018 11:02",100,95,TRUE,"10/2/2018 11:02","R_3qjPdaNCn4R65Cn",58.58129883,-134.7698059,0,0,"No","Yes",NA,"",NA,NA,"No or did not report","","",NA,"","","","",NA,"Less than 100% of the time",NA,NA,NA,NA,NA,NA,NA,NA,"","",1,87500,NA,"personal"
"757","10/2/2018 10:45","10/2/2018 11:07",100,1284,TRUE,"10/2/2018 11:07","R_0eX2DiRyMSpI6sh",59.47579956,-157.2696991,0,0,"Yes","No","No","3",80,5,"No or did not report","","No",NA,"","","No","",36,"Less than 100% of the time",4,2,4,3,1,5,3,4,"","",1,37500,"31-40","personal"
"758","10/2/2018 12:43","10/2/2018 12:56",100,774,TRUE,"10/2/2018 12:56","R_11cLHvuMXjL46O0",60.93240356,-161.8005981,0,0,"Yes","No","No","2",75,50,"No or did not report","","No",NA,"","","No","",61,"100% of the time",1,1,5,5,1,5,3,5,"","gaveEmail",1,87500,"61-70","personal"
"759","10/2/2018 13:08","10/2/2018 13:25",100,1030,TRUE,"10/2/2018 13:25","R_1FFCBFVREhnKjyh",61.145401,-149.7664032,0,0,"Yes","No","No","3",36,18,"No or did not report","","No",NA,"","","No","",70,"100% of the time",5,1,5,5,5,5,5,3,"","gaveEmail",1,62500,"61-70","personal"
"760","10/2/2018 14:03","10/2/2018 14:14",100,656,TRUE,"10/2/2018 14:14","R_1eCpwTwqw4J4Pbh",61.11199951,-149.9044037,0,0,"Yes","No","No","1",10,10,"No or did not report","","No",NA,"","","No","",68,"100% of the time",5,1,2,1,3,3,3,2,"","gaveEmail",1,87500,"61-70","personal"
"761","10/2/2018 14:04","10/2/2018 14:23",100,1141,TRUE,"10/2/2018 14:23","R_3RsGarEeaBYvLNG",34.05439758,-118.2440033,0,0,"Yes","No","No","3",20,10,"No or did not report","","No",NA,"","","No","",60,"100% of the time",3,1,1,2,3,3,3,3,"","gaveEmail",1,12500,"51-60","personal"
"762","10/2/2018 15:04","10/2/2018 15:11",100,430,TRUE,"10/2/2018 15:11","R_Dcy9GF5uTflMjmh",61.145401,-149.7664032,0,0,"Yes","No","No","5",10,2,"No or did not report","","Yes",2015,"Used","California","No","",9,"100% of the time",1,1,5,3,5,5,2,1,"Reporting: keeping an eye out for invasive plants and animals after each boat trip and report sightings?(Note, convenient and user-friendly reporting tools are available, such as smart phone apps.)","gaveEmail",1,137500,">80","personal"
"763","10/2/2018 15:02","10/2/2018 15:24",100,1314,TRUE,"10/2/2018 15:24","R_1JX6k9PUefFIlNg",61.2059021,-149.8231964,0,0,"Yes","No","No","1",NA,NA,"No or did not report","","No",NA,"","","No","",63,"Less than 100% of the time",NA,NA,NA,NA,NA,NA,NA,NA,"","",1,87500,"61-70","personal"
"764","10/2/2018 15:28","10/2/2018 15:29",100,92,TRUE,"10/2/2018 15:29","R_2t88y1PW4SyDrQR",61.2059021,-149.8231964,0,0,"Yes","Yes","No","",NA,NA,"No or did not report","","No",NA,"","","No","",NA,"Less than 100% of the time",NA,NA,NA,NA,NA,NA,NA,NA,"","",1,87500,NA,"personal"
"765","10/2/2018 15:29","10/2/2018 15:30",100,45,TRUE,"10/2/2018 15:30","R_1IAW69LkGOFerTJ",42.75190735,-71.7614975,0,0,"No","Yes",NA,"",NA,NA,"No or did not report","","",NA,"","","","",NA,"Less than 100% of the time",NA,NA,NA,NA,NA,NA,NA,NA,"","",1,87500,NA,"personal"
"766","10/2/2018 16:10","10/2/2018 16:11",100,34,TRUE,"10/2/2018 16:11","R_3G3sUe94nn0pilw",60.90260315,-148.9190979,0,0,"No","No",NA,"",NA,NA,"No or did not report","","",NA,"","","","",NA,"Less than 100% of the time",NA,NA,NA,NA,NA,NA,NA,NA,"","",1,87500,NA,"personal"
"767","10/2/2018 16:10","10/2/2018 16:11",100,24,TRUE,"10/2/2018 16:11","R_1OVSnvZjwK66MAK",61.2059021,-149.8231964,0,0,"No","Yes",NA,"",NA,NA,"No or did not report","","",NA,"","","","",NA,"Less than 100% of the time",NA,NA,NA,NA,NA,NA,NA,NA,"","",1,87500,NA,"personal"
"768","10/2/2018 16:25","10/2/2018 16:25",100,8,TRUE,"10/2/2018 16:25","R_2ARnbzzJLAjGXz3",61.2059021,-149.8231964,0,0,"No","Yes",NA,"",NA,NA,"No or did not report","","",NA,"","","","",NA,"Less than 100% of the time",NA,NA,NA,NA,NA,NA,NA,NA,"","",1,87500,NA,"personal"
"769","9/20/2018 7:39","10/2/2018 16:30",100,1068632,TRUE,"10/2/2018 16:30","R_1rlwpRuzmKnexpX",45.5144043,-122.6432953,0,0,"Yes","No","No","2",100,20,"No or did not report","","Yes",2005,"","Oregon","No","",56,"100% of the time",5,2,5,2,2,5,5,1,"","",1,87500,"51-60","personal"
"770","10/2/2018 16:37","10/2/2018 16:38",100,71,TRUE,"10/2/2018 16:38","R_3F2x4cIFjUJ83ur",55.61529541,-131.5848083,0,0,"No","Yes",NA,"",NA,NA,"No or did not report","","",NA,"","","","",NA,"Less than 100% of the time",NA,NA,NA,NA,NA,NA,NA,NA,"","",1,87500,NA,"personal"
"771","10/2/2018 18:43","10/2/2018 18:43",100,38,TRUE,"10/2/2018 18:43","R_2gaHQ6lFD8cfbYB",43.98170471,-121.2722015,0,0,"No","No",NA,"",NA,NA,"No or did not report","","",NA,"","","","",NA,"Less than 100% of the time",NA,NA,NA,NA,NA,NA,NA,NA,"","",1,87500,NA,"personal"
"772","10/2/2018 19:59","10/2/2018 19:59",100,31,TRUE,"10/2/2018 19:59","R_3hiufxuf9yYAY2y",38.11289978,-122.1331024,0,0,"No","No",NA,"",NA,NA,"No or did not report","","",NA,"","","","",NA,"Less than 100% of the time",NA,NA,NA,NA,NA,NA,NA,NA,"","",1,87500,NA,"personal"
"773","10/2/2018 20:05","10/2/2018 20:14",100,525,TRUE,"10/2/2018 20:14","R_1CEEh3hU7gyLVe7",61.41369629,-149.1710968,0,0,"Yes","Yes","No","1",50,30,"No or did not report","","Yes",2017,"Used","Washington","No","",67,"100% of the time",5,2,3,2,2,4,3,2,"Reporting: keeping an eye out for invasive plants and animals after each boat trip and report sightings?(Note, convenient and user-friendly reporting tools are available, such as smart phone apps.)","gaveEmail",1,137500,"61-70","personal"
"774","10/2/2018 20:27","10/2/2018 20:29",100,119,TRUE,"10/2/2018 20:29","R_XX2qc0MwEgJ0mC5",46.44160461,-108.9997025,0,0,"No","Yes",NA,"",NA,NA,"No or did not report","","",NA,"","","","",NA,"Less than 100% of the time",NA,NA,NA,NA,NA,NA,NA,NA,"","",1,87500,NA,"personal"
"775","10/2/2018 20:17","10/2/2018 20:29",100,717,TRUE,"10/2/2018 20:29","R_1jjqQx7TCPfkLW7",58.82429504,-157.8621979,0,0,"Yes","Yes","No","5",50,32,"No or did not report","","No",NA,"","","No","",35,"100% of the time",3,1,5,2,1,5,4,4,"Reporting: keeping an eye out for invasive plants and animals after each boat trip and report sightings?(Note, convenient and user-friendly reporting tools are available, such as smart phone apps.),Monitoring: a more involved protocol not only keeping an eye out for invasives but collecting water samples, etc.","gaveEmail",1,87500,"31-40","personal"
"776","10/2/2018 21:17","10/2/2018 21:25",100,439,TRUE,"10/2/2018 21:25","R_241m6bzeb3dJMYq",37.54829407,-121.9886017,0,0,"Yes","No","Yes","4",10,10,"No or did not report","","No",NA,"","","No","",46,"Less than 100% of the time",5,2,1,1,1,5,3,1,"","",1,62500,"41-50","personal"
"777","10/2/2018 21:26","10/2/2018 21:36",100,629,TRUE,"10/2/2018 21:36","R_3hrJlexxSsfPUmm",60.93240356,-161.8005981,0,0,"Yes","No","No","",NA,NA,"No or did not report","","No",NA,"","","No","",59,"100% of the time",5,3,4,2,1,5,5,2,"Reporting: keeping an eye out for invasive plants and animals after each boat trip and report sightings?(Note, convenient and user-friendly reporting tools are available, such as smart phone apps.),Monitoring: a more involved protocol not only keeping an eye out for invasives but collecting water samples, etc.","gaveEmail",1,87500,"51-60","personal"
"778","10/2/2018 21:41","10/2/2018 22:03",100,1343,TRUE,"10/2/2018 22:03","R_aVO7VmbabEF16Jr",64.8184967,-147.7216034,0,0,"Yes","No","Yes","2",10,5,"No or did not report","","No",NA,"","","No","",55,"Less than 100% of the time",4,1,2,2,1,3,4,3,"","",1,137500,"51-60","personal"
"779","10/3/2018 7:00","10/3/2018 7:08",100,505,TRUE,"10/3/2018 7:08","R_2SlypR5Vk75kuX0",61.145401,-149.7664032,0,0,"No","No",NA,"",NA,NA,"No or did not report","","",NA,"","","","",NA,"Less than 100% of the time",NA,NA,NA,NA,NA,NA,NA,NA,"","",1,87500,NA,"personal"
"780","10/3/2018 8:23","10/3/2018 8:24",100,94,TRUE,"10/3/2018 8:24","R_3oYELNOiw7nt3Uo",56.73530579,-135.009201,0,0,"No","Yes",NA,"",NA,NA,"No or did not report","","",NA,"","","","",NA,"Less than 100% of the time",NA,NA,NA,NA,NA,NA,NA,NA,"","",1,87500,NA,"personal"
"781","10/3/2018 8:41","10/3/2018 8:42",100,51,TRUE,"10/3/2018 8:42","R_OK9R6u6cYAGCoNP",61.59939575,-149.1145935,0,0,"No","No",NA,"",NA,NA,"No or did not report","","",NA,"","","","",NA,"Less than 100% of the time",NA,NA,NA,NA,NA,NA,NA,NA,"","",1,87500,NA,"personal"
"782","10/3/2018 8:42","10/3/2018 8:43",100,49,TRUE,"10/3/2018 8:43","R_8pMyl6Wejrmnuoh",61.21490479,-149.2583008,0,0,"No","Yes",NA,"",NA,NA,"No or did not report","","",NA,"","","","",NA,"Less than 100% of the time",NA,NA,NA,NA,NA,NA,NA,NA,"","",1,87500,NA,"personal"
"783","10/3/2018 8:48","10/3/2018 9:28",100,2390,TRUE,"10/3/2018 9:28","R_ZypIiZSpwrZVMyZ",64.90060425,-148.1613007,0,0,"Yes","Yes",NA,"3",20,20,"No or did not report","","No",NA,"","","No","",58,"Less than 100% of the time",5,5,5,3,3,3,5,1,"Reporting: keeping an eye out for invasive plants and animals after each boat trip and report sightings?(Note, convenient and user-friendly reporting tools are available, such as smart phone apps.)","gaveEmail",1,137500,"51-60","personal"
"784","10/3/2018 9:08","10/3/2018 9:33",100,1496,TRUE,"10/3/2018 9:33","R_QggOidRUWZoqyu5",61.52349854,-149.5747986,0,0,"Yes","No","No","2",25,5,"No or did not report","","No",NA,"","","No","",50,"100% of the time",5,2,2,2,1,3,5,5,"Monitoring: a more involved protocol not only keeping an eye out for invasives but collecting water samples, etc.","gaveEmail",1,62500,"41-50","personal"
"785","10/3/2018 9:39","10/3/2018 9:41",100,110,TRUE,"10/3/2018 9:41","R_3KuqOYFbRn0GP0x",59.57020569,-135.3578949,0,0,"No","Yes",NA,"",NA,NA,"No or did not report","","",NA,"","","","",NA,"Less than 100% of the time",NA,NA,NA,NA,NA,NA,NA,NA,"","",1,87500,NA,"personal"
"786","10/3/2018 10:32","10/3/2018 10:33",100,26,TRUE,"10/3/2018 10:33","R_12hEDFCHsTN0p6C",61.2059021,-149.8231964,0,0,"No","No",NA,"",NA,NA,"No or did not report","","",NA,"","","","",NA,"Less than 100% of the time",NA,NA,NA,NA,NA,NA,NA,NA,"","",1,87500,NA,"personal"
"787","10/3/2018 12:12","10/3/2018 12:13",100,12,TRUE,"10/3/2018 12:13","R_1Kr6la5HO3ca8VZ",61.2059021,-149.8231964,0,0,"No","No",NA,"",NA,NA,"No or did not report","","",NA,"","","","",NA,"Less than 100% of the time",NA,NA,NA,NA,NA,NA,NA,NA,"","",1,87500,NA,"personal"
"788","10/3/2018 12:20","10/3/2018 12:20",100,8,TRUE,"10/3/2018 12:20","R_39LouLUw9taau41",61.2059021,-149.8231964,0,0,"No","Yes",NA,"",NA,NA,"No or did not report","","",NA,"","","","",NA,"Less than 100% of the time",NA,NA,NA,NA,NA,NA,NA,NA,"","",1,87500,NA,"personal"
"789","10/3/2018 12:48","10/3/2018 12:50",100,110,TRUE,"10/3/2018 12:50","R_3Gct8FjyYbOfR0D",61.145401,-149.7664032,0,0,"No","Yes",NA,"",NA,NA,"No or did not report","","",NA,"","","","",NA,"Less than 100% of the time",NA,NA,NA,NA,NA,NA,NA,NA,"","",1,87500,NA,"personal"
"790","10/3/2018 12:54","10/3/2018 13:27",100,2010,TRUE,"10/3/2018 13:27","R_psdnGfyJgBKfDPz",61.40649414,-145.6669922,0,0,"Yes","Yes","No","1",0,0,"No or did not report","","Yes",1996,"Used","Texas","No","",56,"100% of the time",1,5,4,1,1,4,5,1,"","gaveEmail",1,175000,"51-60","personal"
"791","10/3/2018 14:32","10/3/2018 14:32",100,9,TRUE,"10/3/2018 14:32","R_1Nt7lDA58WAT2Fq",61.2059021,-149.8231964,0,0,"No","Yes",NA,"",NA,NA,"No or did not report","","",NA,"","","","",NA,"Less than 100% of the time",NA,NA,NA,NA,NA,NA,NA,NA,"","",1,87500,NA,"personal"
"792","10/3/2018 14:51","10/3/2018 14:52",100,34,TRUE,"10/3/2018 14:52","R_3EmaR9eWGZuOWj5",56.73530579,-135.009201,0,0,"No","Yes",NA,"",NA,NA,"No or did not report","","",NA,"","","","",NA,"Less than 100% of the time",NA,NA,NA,NA,NA,NA,NA,NA,"","",1,87500,NA,"personal"
"793","10/3/2018 15:35","10/3/2018 15:44",100,577,TRUE,"10/3/2018 15:44","R_3J8yBnWCPz31m9k",60.0552063,-149.3365021,0,0,"Yes","No","No","2",0,0,"No or did not report","","Yes",2004,"","Oregon","No","",46,"Less than 100% of the time",NA,NA,NA,NA,NA,NA,NA,NA,"","",1,137500,"41-50","personal"
"794","10/3/2018 17:02","10/3/2018 17:02",100,34,TRUE,"10/3/2018 17:02","R_1LVQVH78r8ms64h",57.0585022,-132.627594,0,0,"No","Yes",NA,"",NA,NA,"No or did not report","","",NA,"","","","",NA,"Less than 100% of the time",NA,NA,NA,NA,NA,NA,NA,NA,"","",1,87500,NA,"personal"
"795","10/3/2018 20:12","10/3/2018 20:13",100,66,TRUE,"10/3/2018 20:13","R_3Mu674A6LEShCAp",61.52349854,-149.5747986,0,0,"No","Yes",NA,"",NA,NA,"No or did not report","","",NA,"","","","",NA,"Less than 100% of the time",NA,NA,NA,NA,NA,NA,NA,NA,"","",1,87500,NA,"personal"
"796","10/3/2018 21:38","10/3/2018 21:39",100,61,TRUE,"10/3/2018 21:39","R_2EmYXci0958Hgqo",37.75100708,-97.8219986,0,0,"No","No",NA,"",NA,NA,"No or did not report","","",NA,"","","","",NA,"Less than 100% of the time",NA,NA,NA,NA,NA,NA,NA,NA,"","",1,87500,NA,"personal"
"797","10/4/2018 7:20","10/4/2018 7:21",100,36,TRUE,"10/4/2018 7:21","R_1rdEMzFGTkx3jbd",58.58129883,-134.7698059,0,0,"No","Yes",NA,"",NA,NA,"No or did not report","","",NA,"","","","",NA,"Less than 100% of the time",NA,NA,NA,NA,NA,NA,NA,NA,"","",1,87500,NA,"personal"
"798","10/4/2018 9:23","10/4/2018 9:25",100,109,TRUE,"10/4/2018 9:25","R_3qydSp5jFc2nIjE",55.92419434,-160.2984924,0.7,0,"No","Yes",NA,"",NA,NA,"No or did not report","","",NA,"","","","",NA,"Less than 100% of the time",NA,NA,NA,NA,NA,NA,NA,NA,"","",0.3,87500,NA,"commercial"
"799","10/4/2018 9:55","10/4/2018 9:56",100,48,TRUE,"10/4/2018 9:56","R_0NdfgjiuTziUGVH",37.72169495,-122.4112015,0,0,"No","No",NA,"",NA,NA,"No or did not report","","",NA,"","","","",NA,"Less than 100% of the time",NA,NA,NA,NA,NA,NA,NA,NA,"","",1,87500,NA,"personal"
"800","10/4/2018 9:42","10/4/2018 9:59",100,1026,TRUE,"10/4/2018 9:59","R_wXdNtdHWw3EAnND",61.2059021,-149.8231964,0,0,"Yes","No","No","2",35,35,"No or did not report","","No",NA,"","","No","",61,"Less than 100% of the time",5,1,5,1,1,1,1,1,"Reporting: keeping an eye out for invasive plants and animals after each boat trip and report sightings?(Note, convenient and user-friendly reporting tools are available, such as smart phone apps.)","gaveEmail",1,87500,"61-70","personal"
"801","10/3/2018 18:32","10/4/2018 10:07",100,56081,TRUE,"10/4/2018 10:07","R_Y4VjpFTuJjyXHzj",61.2059021,-149.8231964,0,0,"No","Yes",NA,"",NA,NA,"No or did not report","","",NA,"","","","",NA,"Less than 100% of the time",NA,NA,NA,NA,NA,NA,NA,NA,"","",1,87500,NA,"personal"
"802","10/4/2018 10:05","10/4/2018 10:13",100,453,TRUE,"10/4/2018 10:13","R_2wGFYDwrX6g1FOQ",61.2059021,-149.8231964,0,0,"Yes","Yes","No","1",5,3,"No or did not report","","No",NA,"","","No","",32,"100% of the time",4,5,4,4,4,4,5,4,"Reporting: keeping an eye out for invasive plants and animals after each boat trip and report sightings?(Note, convenient and user-friendly reporting tools are available, such as smart phone apps.)","gaveEmail",1,62500,"31-40","personal"
"803","10/3/2018 8:10","10/4/2018 10:22",100,94301,TRUE,"10/4/2018 10:22","R_2xJAaPOv08eI4ep",61.2059021,-149.8231964,0,0,"Yes","No","Yes","",NA,NA,"No or did not report","","No",NA,"","","","",NA,"Less than 100% of the time",NA,NA,NA,NA,NA,NA,NA,NA,"","",1,87500,NA,"personal"
"804","10/4/2018 11:00","10/4/2018 11:00",100,8,TRUE,"10/4/2018 11:00","R_2X5sb4I7zeQTLar",61.2059021,-149.8231964,0,0,"No","Yes",NA,"",NA,NA,"No or did not report","","",NA,"","","","",NA,"Less than 100% of the time",NA,NA,NA,NA,NA,NA,NA,NA,"","",1,87500,NA,"personal"
"805","10/4/2018 11:01","10/4/2018 11:01",100,8,TRUE,"10/4/2018 11:01","R_r6lgiiDugNWqhyN",61.2059021,-149.8231964,0,0,"No","No",NA,"",NA,NA,"No or did not report","","",NA,"","","","",NA,"Less than 100% of the time",NA,NA,NA,NA,NA,NA,NA,NA,"","",1,87500,NA,"personal"
"806","10/4/2018 10:38","10/4/2018 11:05",100,1672,TRUE,"10/4/2018 11:05","R_3oWRJQjaTWsTMy9",60.79170227,-145.6119995,0,0.3,"Yes","Yes","Yes","2",50,0,"No or did not report","","No",NA,"","","No","",32,"100% of the time",5,1,5,5,1,5,5,5,"Reporting: keeping an eye out for invasive plants and animals after each boat trip and report sightings?(Note, convenient and user-friendly reporting tools are available, such as smart phone apps.),Monitoring: a more involved protocol not only keeping an eye out for invasives but collecting water samples, etc.,Outreach: connecting other boat operators and organizations,Decontamination: conducting training and workshops,Decontamination: developing best practices guide","gaveEmail",0.7,87500,"31-40","personal"
"807","10/4/2018 11:45","10/4/2018 11:53",100,491,TRUE,"10/4/2018 11:53","R_2PuRxaK9H9hB9kC",39.73129272,-104.9692001,0,0,"Yes","No","No","2",NA,NA,"No or did not report","","No",NA,"","","No","",55,"100% of the time",5,1,4,4,1,3,4,1,"","",1,87500,"51-60","personal"
"808","10/2/2018 20:15","10/4/2018 11:55",100,142818,TRUE,"10/4/2018 11:55","R_3hzkfvfuEnpWHB3",58.58129883,-134.7698059,0,0,"No","Yes",NA,"",NA,NA,"No or did not report","","",NA,"","","","",NA,"Less than 100% of the time",NA,NA,NA,NA,NA,NA,NA,NA,"","",1,87500,NA,"personal"
"809","10/4/2018 12:33","10/4/2018 12:34",100,43,TRUE,"10/4/2018 12:34","R_TjVTUNQxJLkKM3T",61.52349854,-149.5747986,0,0,"No","Yes",NA,"",NA,NA,"No or did not report","","",NA,"","","","",NA,"Less than 100% of the time",NA,NA,NA,NA,NA,NA,NA,NA,"","",1,87500,NA,"personal"
"810","10/4/2018 13:01","10/4/2018 13:02",100,38,TRUE,"10/4/2018 13:02","R_1k1YXP1jwrn4k9Y",61.18859863,-149.8878021,0,0,"No","No",NA,"",NA,NA,"No or did not report","","",NA,"","","","",NA,"Less than 100% of the time",NA,NA,NA,NA,NA,NA,NA,NA,"","",1,87500,NA,"personal"
"811","10/4/2018 14:21","10/4/2018 14:21",100,7,TRUE,"10/4/2018 14:21","R_qwjhLyRw193KuJz",61.2059021,-149.8231964,0,0,"No","Yes",NA,"",NA,NA,"No or did not report","","",NA,"","","","",NA,"Less than 100% of the time",NA,NA,NA,NA,NA,NA,NA,NA,"","",1,87500,NA,"personal"
"812","10/4/2018 15:10","10/4/2018 15:20",100,623,TRUE,"10/4/2018 15:20","R_1o0el5duumST8S2",59.40390015,-151.3238983,0,0,"Yes","Yes","No","1",NA,NA,"No or did not report","","No",NA,"","","No","",70,"Less than 100% of the time",5,1,5,1,5,1,1,1,"","gaveEmail",1,112500,"61-70","personal"
"813","10/4/2018 15:24","10/4/2018 15:47",100,1327,TRUE,"10/4/2018 15:47","R_1oineLzkhCzn3yb",61.17770386,-149.6383972,0,0,"Yes","No","No","4",75,70,"No or did not report","","No",NA,"","","No","",59,"100% of the time",5,1,5,3,3,5,5,3,"Reporting: keeping an eye out for invasive plants and animals after each boat trip and report sightings?(Note, convenient and user-friendly reporting tools are available, such as smart phone apps.)","gaveEmail",1,87500,"51-60","personal"
"814","10/4/2018 17:50","10/4/2018 17:59",100,490,TRUE,"10/4/2018 17:59","R_2rp6ySffN3un77D",60.49580383,-149.8282013,0,0.1,"Yes","No","No","3",NA,NA,"No or did not report","","No",NA,"","","No","",37,"100% of the time",5,NA,1,NA,NA,4,2,3,"Reporting: keeping an eye out for invasive plants and animals after each boat trip and report sightings?(Note, convenient and user-friendly reporting tools are available, such as smart phone apps.)","gaveEmail",0.9,62500,"31-40","personal"
"815","10/4/2018 21:20","10/4/2018 21:21",100,74,TRUE,"10/4/2018 21:21","R_1hH09mAz6IcRuJQ",47.54719543,-122.3513031,0,0,"No","Yes",NA,"",NA,NA,"No or did not report","","",NA,"","","","",NA,"Less than 100% of the time",NA,NA,NA,NA,NA,NA,NA,NA,"","",1,87500,NA,"personal"
"816","10/5/2018 8:25","10/5/2018 8:26",100,29,TRUE,"10/5/2018 8:26","R_3dSpCBxBxOYyjFz",61.40649414,-145.6669922,0,0,"No","Yes",NA,"",NA,NA,"No or did not report","","",NA,"","","","",NA,"Less than 100% of the time",NA,NA,NA,NA,NA,NA,NA,NA,"","",1,87500,NA,"personal"
"817","10/5/2018 11:03","10/5/2018 11:18",100,940,TRUE,"10/5/2018 11:18","R_cYd4lfizEnN1vSF",59.40390015,-151.3238983,0,0,"Yes","No","Yes","1",50,20,"No or did not report","","Yes",2014,"New","New York","No","",69,"100% of the time",3,4,4,4,3,4,5,3,"Reporting: keeping an eye out for invasive plants and animals after each boat trip and report sightings?(Note, convenient and user-friendly reporting tools are available, such as smart phone apps.)","gaveEmail",1,112500,"61-70","personal"
"818","10/5/2018 11:42","10/5/2018 11:46",100,256,TRUE,"10/5/2018 11:46","R_26fouDAWekJQoPf",55.9539032,-131.9611969,0,0,"Yes","Yes","No","2",30,10,"No or did not report","","No",NA,"","","No","",56,"Less than 100% of the time",4,4,4,4,4,4,4,4,"","",1,62500,"51-60","personal"
"819","10/5/2018 13:54","10/5/2018 13:54",100,9,TRUE,"10/5/2018 13:54","R_1IhfnlbTYbksMjD",61.2059021,-149.8231964,0,0,"No","Yes",NA,"",NA,NA,"No or did not report","","",NA,"","","","",NA,"Less than 100% of the time",NA,NA,NA,NA,NA,NA,NA,NA,"","",1,87500,NA,"personal"
"820","10/4/2018 9:46","10/5/2018 16:22",100,110121,TRUE,"10/5/2018 16:22","R_3EyH1s7cXR6scAu",61.2059021,-149.8231964,0,0,"Yes","No",NA,"2",50,25,"No or did not report","","No",NA,"","","No","",52,"Less than 100% of the time",4,3,4,4,4,4,5,5,"","gaveEmail",1,62500,"51-60","personal"
"821","10/5/2018 18:05","10/5/2018 18:07",100,69,TRUE,"10/5/2018 18:07","R_2X5JwWzojgNDXfB",47.36480713,-122.6047974,0,0,"No","Yes",NA,"",NA,NA,"No or did not report","","",NA,"","","","",NA,"Less than 100% of the time",NA,NA,NA,NA,NA,NA,NA,NA,"","",1,87500,NA,"personal"
"822","10/6/2018 8:26","10/6/2018 8:27",100,62,TRUE,"10/6/2018 8:27","R_dmUT5mtQnWwRvNL",48.03540039,-122.8144989,0,0,"No","Yes",NA,"",NA,NA,"No or did not report","","",NA,"","","","",NA,"Less than 100% of the time",NA,NA,NA,NA,NA,NA,NA,NA,"","",1,87500,NA,"personal"
"823","10/6/2018 12:40","10/6/2018 12:55",100,911,TRUE,"10/6/2018 12:55","R_31jaxRWZPm8T10w",61.52349854,-149.5747986,0,0,"Yes","No","No","4",8,4,"No or did not report","","No",NA,"","","No","",70,"100% of the time",5,1,4,1,4,4,3,3,"","",1,87500,"61-70","personal"
"824","10/7/2018 9:03","10/7/2018 9:17",100,849,TRUE,"10/7/2018 9:17","R_33eTbwUJ9VtSpJo",61.15350342,-149.8289032,0,0,"Yes","No","No","1",NA,NA,"No or did not report","","Yes",2007,"New","Oregon","No","",NA,"100% of the time",5,1,5,1,1,3,5,1,"Monitoring: a more involved protocol not only keeping an eye out for invasives but collecting water samples, etc.,Decontamination: developing best practices guide","gaveEmail",1,87500,NA,"personal"
"825","10/7/2018 12:21","10/7/2018 12:22",100,102,TRUE,"10/7/2018 12:22","R_2OT6G6lIEDzrZfZ",57.05140686,-135.3166046,0,0.1,"No","Yes",NA,"",NA,NA,"No or did not report","","",NA,"","","","",NA,"Less than 100% of the time",NA,NA,NA,NA,NA,NA,NA,NA,"","",0.9,87500,NA,"personal"
"826","10/7/2018 19:04","10/7/2018 19:05",100,48,TRUE,"10/7/2018 19:05","R_2zTl6bZw00v99wy",55.47320557,-133.1170959,0,0,"No","Yes",NA,"",NA,NA,"No or did not report","","",NA,"","","","",NA,"Less than 100% of the time",NA,NA,NA,NA,NA,NA,NA,NA,"","",1,87500,NA,"personal"
"827","10/8/2018 5:08","10/8/2018 5:09",100,36,TRUE,"10/8/2018 5:09","R_aW2Dj38RntQyhSV",61.59230042,-149.3959045,0,0,"No","No",NA,"",NA,NA,"No or did not report","","",NA,"","","","",NA,"Less than 100% of the time",NA,NA,NA,NA,NA,NA,NA,NA,"","",1,87500,NA,"personal"
"828","10/8/2018 10:28","10/8/2018 10:28",100,10,TRUE,"10/8/2018 10:28","R_2Bgnb4YB7i6uocM",61.20599365,-149.8101044,0,0,"No","Yes",NA,"",NA,NA,"No or did not report","","",NA,"","","","",NA,"Less than 100% of the time",NA,NA,NA,NA,NA,NA,NA,NA,"","",1,87500,NA,"personal"
"829","10/8/2018 12:13","10/8/2018 12:14",100,63,TRUE,"10/8/2018 12:14","R_27Op6KiN4aKDqwq",34.05439758,-118.2440033,0,0,"No","Yes",NA,"",NA,NA,"No or did not report","","",NA,"","","","",NA,"Less than 100% of the time",NA,NA,NA,NA,NA,NA,NA,NA,"","",1,87500,NA,"personal"
"830","10/8/2018 15:20","10/8/2018 15:21",100,28,TRUE,"10/8/2018 15:21","R_2rjAwyc2gbGvl36",60.13290405,-149.3984985,0,0,"No","Yes",NA,"",NA,NA,"No or did not report","","",NA,"","","","",NA,"Less than 100% of the time",NA,NA,NA,NA,NA,NA,NA,NA,"","",1,87500,NA,"personal"
"831","10/1/2018 23:10","10/8/2018 17:01",100,582656,TRUE,"10/8/2018 17:01","R_OD0Ygki9Fs4HagN",64.7881012,-141.1999969,0,0,"No","Yes",NA,"",NA,NA,"No or did not report","","",NA,"","","","",NA,"Less than 100% of the time",NA,NA,NA,NA,NA,NA,NA,NA,"","",1,87500,NA,"personal"
"832","10/8/2018 19:08","10/8/2018 19:18",100,580,TRUE,"10/8/2018 19:18","R_1mVjaL12q6lMXsV",61.18859863,-149.8878021,0,0,"Yes","No","No","2",10,3,"No or did not report","","No",NA,"","","No","",66,"100% of the time",5,NA,5,NA,5,NA,NA,NA,"","",1,137500,"61-70","personal"
"833","10/9/2018 9:09","10/9/2018 9:11",100,151,TRUE,"10/9/2018 9:11","R_1cTT3SPXiWrTZBt",37.75100708,-97.8219986,0.9,0,"No","Yes",NA,"",NA,NA,"No or did not report","","",NA,"","","","",NA,"Less than 100% of the time",NA,NA,NA,NA,NA,NA,NA,NA,"","",0.1,87500,NA,"commercial"
"834","10/9/2018 9:17","10/9/2018 9:18",100,53,TRUE,"10/9/2018 9:18","R_2VdvyDGyPLKQjof",56.73530579,-135.009201,0,0,"No","Yes",NA,"",NA,NA,"No or did not report","","",NA,"","","","",NA,"Less than 100% of the time",NA,NA,NA,NA,NA,NA,NA,NA,"","",1,87500,NA,"personal"
"835","10/9/2018 9:51","10/9/2018 9:54",100,199,TRUE,"10/9/2018 9:54","R_2PoLL3zYjpkdzuZ",58.58129883,-134.7698059,0,0.5,"Yes","Yes","No","1",NA,NA,"No or did not report","","No",NA,"","","No","",37,"Less than 100% of the time",5,1,5,3,1,5,5,5,"","",0.5,62500,"31-40","government"
"836","10/10/2018 9:03","10/10/2018 9:56",100,3196,TRUE,"10/10/2018 9:56","R_3noyE2ujEgLzNjy",59.16090393,-135.868103,0,0,"Yes","No","No","3",25,12,"No or did not report","","Yes",2016,"New","Yukon Territories","No","",71,"100% of the time",5,3,3,2,2,4,5,5,"","gaveEmail",1,37500,"71-80","personal"
"837","10/11/2018 13:00","10/11/2018 13:00",100,7,TRUE,"10/11/2018 13:00","R_2v8Pfjoerj9e67X",61.20599365,-149.8101044,0,0,"No","No",NA,"",NA,NA,"No or did not report","","",NA,"","","","",NA,"Less than 100% of the time",NA,NA,NA,NA,NA,NA,NA,NA,"","",1,87500,NA,"personal"
"838","10/4/2018 12:54","10/11/2018 13:01",100,605226,TRUE,"10/11/2018 13:01","R_2UgyvJZ9SLzIOsu",61.2059021,-149.8231964,0,0,"No","Yes",NA,"",NA,NA,"No or did not report","","",NA,"","","","",NA,"Less than 100% of the time",NA,NA,NA,NA,NA,NA,NA,NA,"","",1,87500,NA,"personal"
"839","10/11/2018 13:01","10/11/2018 13:02",100,8,TRUE,"10/11/2018 13:02","R_3szZJ55UuXZ34rr",61.20599365,-149.8101044,0,0,"No","Yes",NA,"",NA,NA,"No or did not report","","",NA,"","","","",NA,"Less than 100% of the time",NA,NA,NA,NA,NA,NA,NA,NA,"","",1,87500,NA,"personal"
"840","10/11/2018 13:05","10/11/2018 13:05",100,7,TRUE,"10/11/2018 13:05","R_UWRLn3lMCia74I1",61.2059021,-149.8231964,0,0,"No","No",NA,"",NA,NA,"No or did not report","","",NA,"","","","",NA,"Less than 100% of the time",NA,NA,NA,NA,NA,NA,NA,NA,"","",1,87500,NA,"personal"
"841","10/11/2018 16:15","10/11/2018 16:32",100,1020,TRUE,"10/11/2018 16:32","R_ZyL2TWT5umyjihP",37.5308075,-121.971199,0,0,"Yes","Yes","No","0",0,0,"No or did not report","","No",NA,"","","No","",67,"Less than 100% of the time",NA,NA,NA,NA,NA,5,5,NA,"Monitoring: a more involved protocol not only keeping an eye out for invasives but collecting water samples, etc.","gaveEmail",1,37500,"61-70","personal"
"842","10/12/2018 4:31","10/12/2018 4:45",100,841,TRUE,"10/12/2018 4:45","R_2gFz66y29VmwWJj",64.78050232,-147.3694,0,0,"Yes","Yes","Yes","4",35,35,"No or did not report","","No",NA,"","","No","",44,"Less than 100% of the time",5,4,3,2,1,5,4,2,"","gaveEmail",1,175000,"41-50","personal"
"843","10/12/2018 11:27","10/12/2018 11:27",100,7,TRUE,"10/12/2018 11:27","R_10xtJCj9SjLAtFe",61.20599365,-149.8101044,0,0,"No","No",NA,"",NA,NA,"No or did not report","","",NA,"","","","",NA,"Less than 100% of the time",NA,NA,NA,NA,NA,NA,NA,NA,"","",1,87500,NA,"personal"
"844","10/14/2018 11:05","10/14/2018 11:16",100,676,TRUE,"10/14/2018 11:16","R_2bW4mALpiIqq7Q5",61.59230042,-149.3959045,0,0,"Yes","Yes","No","4",20,0,"No or did not report","","No",NA,"","","No","",37,"100% of the time",5,5,5,1,1,5,3,1,"Reporting: keeping an eye out for invasive plants and animals after each boat trip and report sightings?(Note, convenient and user-friendly reporting tools are available, such as smart phone apps.),Monitoring: a more involved protocol not only keeping an eye out for invasives but collecting water samples, etc.","gaveEmail",1,87500,"31-40","personal"
"845","10/14/2018 22:18","10/14/2018 22:19",100,52,TRUE,"10/14/2018 22:19","R_1Kqbe6xyjnwgmlz",61.59230042,-149.3959045,0,0,"No","No",NA,"",NA,NA,"No or did not report","","",NA,"","","","",NA,"Less than 100% of the time",NA,NA,NA,NA,NA,NA,NA,NA,"","",1,87500,NA,"personal"
"846","10/15/2018 9:09","10/15/2018 9:17",100,495,TRUE,"10/15/2018 9:17","R_2yj9zpP30SGiMwR",61.15350342,-149.8289032,0,0,"Yes","No","No","3",4,2,"No or did not report","","No",NA,"","","No","",65,"Less than 100% of the time",5,NA,3,NA,NA,NA,5,NA,"Decontamination: developing best practices guide","",1,112500,"61-70","personal"
"847","10/15/2018 10:16","10/15/2018 10:31",100,849,TRUE,"10/15/2018 10:31","R_1FKAn4a4lsZL4Bc",64.91090393,-147.510498,0,0,"Yes","No","No","4",5,2,"No or did not report","","No",NA,"","","No","",65,"Less than 100% of the time",NA,NA,5,NA,NA,NA,NA,NA,"","",1,112500,"61-70","personal"
"848","10/17/2018 17:47","10/17/2018 17:51",100,273,TRUE,"10/17/2018 17:51","R_tKcIMsebXuXzP69",47.44830322,-122.2731018,0,0,"Yes","No","No","3",50,30,"No or did not report","","No",NA,"","","No","",32,"Less than 100% of the time",5,NA,5,5,5,5,5,3,"","",1,87500,"31-40","personal"
"849","8/28/2018 14:50","8/28/2018 14:57",33,459,FALSE,"10/22/2018 16:17","R_1flS3ZTQAKc3o7b",NA,NA,0,0,"Yes","No","Yes","",NA,NA,"No or did not report","","",NA,"","","","",NA,"Less than 100% of the time",NA,NA,NA,NA,NA,NA,NA,NA,"","",1,87500,NA,"personal"
"850","8/28/2018 15:00","8/28/2018 15:06",29,402,FALSE,"10/22/2018 16:17","R_2tsrWrqkKfqIe52",NA,NA,0,0,"Yes","No","No","",NA,NA,"No or did not report","","",NA,"","","","",NA,"Less than 100% of the time",NA,NA,NA,NA,NA,NA,NA,NA,"","",1,87500,NA,"personal"
"851","9/17/2018 15:44","9/17/2018 15:52",33,455,FALSE,"10/22/2018 16:17","R_3PMgrK6eNcwz3V7",NA,NA,1,0,"Yes","No","No","",NA,NA,"No or did not report","","",NA,"","","","",NA,"Less than 100% of the time",NA,NA,NA,NA,NA,NA,NA,NA,"","",0,87500,NA,"commercial"
"852","8/28/2018 15:58","8/28/2018 16:02",33,208,FALSE,"10/22/2018 16:17","R_2w0mBshgeDa5jJ6",NA,NA,0,0,"Yes","No","No","",NA,NA,"No or did not report","","",NA,"","","","",NA,"Less than 100% of the time",NA,NA,NA,NA,NA,NA,NA,NA,"","",1,87500,NA,"personal"
"853","8/30/2018 7:41","8/30/2018 7:43",33,153,FALSE,"10/22/2018 16:17","R_1g6dmSCk99WBg44",NA,NA,0,0,"Yes","Yes","No","",NA,NA,"No or did not report","","",NA,"","","","",NA,"Less than 100% of the time",NA,NA,NA,NA,NA,NA,NA,NA,"","",1,87500,NA,"personal"
"854","8/31/2018 6:07","8/31/2018 6:17",33,588,FALSE,"10/22/2018 16:17","R_1mni0EjF3J1tIV1",NA,NA,0,0,"Yes","Yes","Yes","",NA,NA,"No or did not report","","",NA,"","","","",NA,"Less than 100% of the time",NA,NA,NA,NA,NA,NA,NA,NA,"","",1,87500,NA,"personal"
"855","8/31/2018 22:14","8/31/2018 22:24",33,629,FALSE,"10/22/2018 16:17","R_TjEjPdk1lagthmN",NA,NA,0,0,"Yes","No","No","",NA,NA,"No or did not report","","",NA,"","","","",NA,"Less than 100% of the time",NA,NA,NA,NA,NA,NA,NA,NA,"","",1,87500,NA,"personal"
"856","8/29/2018 10:03","8/29/2018 13:20",33,11849,FALSE,"10/22/2018 16:17","R_11jTOsmaeeuvh4W",NA,NA,0,0,"Yes","Yes","No","",NA,NA,"No or did not report","","",NA,"","","","",NA,"Less than 100% of the time",NA,NA,NA,NA,NA,NA,NA,NA,"","",1,87500,NA,"personal"
"857","8/28/2018 22:46","8/28/2018 22:56",33,600,FALSE,"10/22/2018 16:17","R_pfplebZe1sfotkB",NA,NA,0,0,"Yes","Yes","No","",NA,NA,"No or did not report","","",NA,"","","","",NA,"Less than 100% of the time",NA,NA,NA,NA,NA,NA,NA,NA,"","",1,87500,NA,"personal"
"858","8/29/2018 16:01","8/30/2018 4:34",33,45166,FALSE,"10/22/2018 16:17","R_x6mhRGHecJ6kzYJ",NA,NA,0,0,"Yes","No","Yes","",NA,NA,"No or did not report","","",NA,"","","","",NA,"Less than 100% of the time",NA,NA,NA,NA,NA,NA,NA,NA,"","",1,87500,NA,"personal"
"859","8/31/2018 7:57","8/31/2018 8:08",33,616,FALSE,"10/22/2018 16:17","R_31ozPlpIDXcDrD5",NA,NA,0.3,0,"Yes","Yes","No","",NA,NA,"No or did not report","","",NA,"","","","",NA,"Less than 100% of the time",NA,NA,NA,NA,NA,NA,NA,NA,"","",0.7,87500,NA,"personal"
"860","9/4/2018 14:07","9/4/2018 14:13",33,363,FALSE,"10/22/2018 16:17","R_1YyofudJLKfgmWd",NA,NA,0,0,"Yes","No","No","",NA,NA,"No or did not report","","",NA,"","","","",NA,"Less than 100% of the time",NA,NA,NA,NA,NA,NA,NA,NA,"","",1,87500,NA,"personal"
"861","8/28/2018 17:09","8/28/2018 17:10",33,84,FALSE,"10/22/2018 16:17","R_2tigYLHkAvv6lJJ",NA,NA,0,0,"Yes","No","No","",NA,NA,"No or did not report","","",NA,"","","","",NA,"Less than 100% of the time",NA,NA,NA,NA,NA,NA,NA,NA,"","",1,87500,NA,"personal"
"862","9/4/2018 7:28","9/4/2018 7:38",33,625,FALSE,"10/22/2018 16:17","R_2CyxjKJjh53ysu1",NA,NA,0,0,"Yes","Yes","No","",NA,NA,"No or did not report","","",NA,"","","","",NA,"Less than 100% of the time",NA,NA,NA,NA,NA,NA,NA,NA,"","",1,87500,NA,"personal"
"863","8/29/2018 20:00","9/4/2018 7:04",33,471838,FALSE,"10/22/2018 16:17","R_1IoNKD3hLNGKZP4",NA,NA,0,0,"Yes","Yes","No","",NA,NA,"No or did not report","","",NA,"","","","",NA,"Less than 100% of the time",NA,NA,NA,NA,NA,NA,NA,NA,"","",1,87500,NA,"personal"
"864","9/4/2018 22:56","9/4/2018 22:59",33,150,FALSE,"10/22/2018 16:17","R_3GCe89L4bU1rWkQ",NA,NA,0,0,"Yes","Yes","No","",NA,NA,"No or did not report","","",NA,"","","","",NA,"Less than 100% of the time",NA,NA,NA,NA,NA,NA,NA,NA,"","",1,87500,NA,"personal"
"865","9/1/2018 12:54","9/1/2018 12:55",33,77,FALSE,"10/22/2018 16:17","R_31HLX0Gw0WkZHzP",NA,NA,0,0,"Yes","Yes","No","",NA,NA,"No or did not report","","",NA,"","","","",NA,"Less than 100% of the time",NA,NA,NA,NA,NA,NA,NA,NA,"","",1,87500,NA,"personal"
"866","8/29/2018 19:10","8/29/2018 19:12",33,104,FALSE,"10/22/2018 16:17","R_ZkO9LpsjiQV7w8p",NA,NA,0,0,"Yes","Yes","No","",NA,NA,"No or did not report","","",NA,"","","","",NA,"Less than 100% of the time",NA,NA,NA,NA,NA,NA,NA,NA,"","",1,87500,NA,"personal"
"867","8/30/2018 16:07","8/30/2018 16:13",33,363,FALSE,"10/22/2018 16:17","R_UWssaMPrj2kb2Lf",NA,NA,0,0,"Yes","No","No","",NA,NA,"No or did not report","","",NA,"","","","",NA,"Less than 100% of the time",NA,NA,NA,NA,NA,NA,NA,NA,"","",1,87500,NA,"personal"
"868","9/2/2018 6:37","9/2/2018 6:41",33,234,FALSE,"10/22/2018 16:17","R_1jZAuf8uMH6BKVr",NA,NA,0,0,"Yes","No","Yes","",NA,NA,"No or did not report","","",NA,"","","","",NA,"Less than 100% of the time",NA,NA,NA,NA,NA,NA,NA,NA,"","",1,87500,NA,"personal"
"869","9/5/2018 10:13","9/5/2018 10:16",33,139,FALSE,"10/22/2018 16:17","R_24gTMMnY5iNQ3IZ",NA,NA,0,0,"Yes","Yes","No","",NA,NA,"No or did not report","","",NA,"","","","",NA,"Less than 100% of the time",NA,NA,NA,NA,NA,NA,NA,NA,"","",1,87500,NA,"personal"
"870","9/1/2018 0:06","9/1/2018 0:16",33,634,FALSE,"10/22/2018 16:17","R_2V7Kn8LpSYXjSCn",NA,NA,0,0,"Yes","No","No","",NA,NA,"No or did not report","","",NA,"","","","",NA,"Less than 100% of the time",NA,NA,NA,NA,NA,NA,NA,NA,"","",1,87500,NA,"personal"
"871","9/1/2018 9:20","9/1/2018 9:21",33,67,FALSE,"10/22/2018 16:17","R_Yc3ITVk18GikRIB",NA,NA,0.5,0,"Yes","No",NA,"",NA,NA,"No or did not report","","",NA,"","","","",NA,"Less than 100% of the time",NA,NA,NA,NA,NA,NA,NA,NA,"","",0.5,87500,NA,"government"
"872","9/6/2018 19:55","9/6/2018 20:01",33,345,FALSE,"10/22/2018 16:17","R_d4EGr8vIZhZYnwR",NA,NA,0,0,"Yes","Yes",NA,"",NA,NA,"No or did not report","","",NA,"","","","",NA,"Less than 100% of the time",NA,NA,NA,NA,NA,NA,NA,NA,"","",1,87500,NA,"personal"
"873","9/6/2018 19:18","9/6/2018 19:49",33,1881,FALSE,"10/22/2018 16:17","R_1PYGycHHAZktrOR",NA,NA,0,0,"Yes","Yes","No","",NA,NA,"No or did not report","","",NA,"","","","",NA,"Less than 100% of the time",NA,NA,NA,NA,NA,NA,NA,NA,"","",1,87500,NA,"personal"
"874","8/30/2018 14:11","8/30/2018 14:13",33,97,FALSE,"10/22/2018 16:17","R_1gLohmDL4pU1vmz",NA,NA,0,0,"Yes","No","No","",NA,NA,"No or did not report","","",NA,"","","","",NA,"Less than 100% of the time",NA,NA,NA,NA,NA,NA,NA,NA,"","",1,87500,NA,"personal"
"875","8/29/2018 8:18","8/29/2018 8:23",33,279,FALSE,"10/22/2018 16:17","R_3P6u3qyVwHo4S5R",NA,NA,0,0,"Yes","No",NA,"",NA,NA,"No or did not report","","",NA,"","","","",NA,"Less than 100% of the time",NA,NA,NA,NA,NA,NA,NA,NA,"","",1,87500,NA,"personal"
"876","9/8/2018 20:12","9/8/2018 20:18",33,351,FALSE,"10/22/2018 16:17","R_57NjU7SwQAWyBA5",NA,NA,0,0,"Yes","No","Yes","",NA,NA,"No or did not report","","",NA,"","","","",NA,"Less than 100% of the time",NA,NA,NA,NA,NA,NA,NA,NA,"","",1,87500,NA,"personal"
"877","9/6/2018 19:53","9/6/2018 20:02",33,503,FALSE,"10/22/2018 16:17","R_32UPG1tR61jczLl",NA,NA,0.2,0,"Yes","Yes","No","",NA,NA,"No or did not report","","",NA,"","","","",NA,"Less than 100% of the time",NA,NA,NA,NA,NA,NA,NA,NA,"","",0.8,87500,NA,"personal"
"878","9/3/2018 15:15","9/3/2018 16:22",33,4048,FALSE,"10/22/2018 16:17","R_Ab79XrElPUmPXmp",NA,NA,0,0,"Yes","No","No","",NA,NA,"No or did not report","","",NA,"","","","",NA,"Less than 100% of the time",NA,NA,NA,NA,NA,NA,NA,NA,"","",1,87500,NA,"personal"
"879","9/4/2018 7:22","9/4/2018 7:31",33,560,FALSE,"10/22/2018 16:17","R_2bPJd1tfXAmWcC7",NA,NA,0,0,"Yes","Yes","No","",NA,NA,"No or did not report","","",NA,"","","","",NA,"Less than 100% of the time",NA,NA,NA,NA,NA,NA,NA,NA,"","",1,87500,NA,"personal"
"880","9/16/2018 9:40","9/16/2018 9:42",33,90,FALSE,"10/22/2018 16:17","R_2sb8pYoRsSWYU34",NA,NA,0,0,"Yes","No","Yes","",NA,NA,"No or did not report","","",NA,"","","","",NA,"Less than 100% of the time",NA,NA,NA,NA,NA,NA,NA,NA,"","",1,87500,NA,"personal"
"881","9/10/2018 13:58","9/10/2018 14:01",33,187,FALSE,"10/22/2018 16:17","R_290W4ryhbt6szhH",NA,NA,0,0,"Yes","No","Yes","",NA,NA,"No or did not report","","",NA,"","","","",NA,"Less than 100% of the time",NA,NA,NA,NA,NA,NA,NA,NA,"","",1,87500,NA,"personal"
"882","9/13/2018 18:38","9/13/2018 19:31",33,3151,FALSE,"10/22/2018 16:17","R_2bUmFiwcRfUmara",NA,NA,0,0,"Yes","Yes","Yes","",NA,NA,"No or did not report","","",NA,"","","","",NA,"Less than 100% of the time",NA,NA,NA,NA,NA,NA,NA,NA,"","",1,87500,NA,"personal"
"883","9/3/2018 19:14","9/3/2018 19:23",33,529,FALSE,"10/22/2018 16:17","R_1jNcvBDm7uGKRZq",NA,NA,0,0,"Yes","Yes","No","",NA,NA,"No or did not report","","",NA,"","","","",NA,"Less than 100% of the time",NA,NA,NA,NA,NA,NA,NA,NA,"","",1,87500,NA,"personal"
"884","9/9/2018 9:46","9/9/2018 9:51",33,336,FALSE,"10/22/2018 16:17","R_3snsaOcyipuFrfo",NA,NA,0,0,"Yes","No",NA,"",NA,NA,"No or did not report","","",NA,"","","","",NA,"Less than 100% of the time",NA,NA,NA,NA,NA,NA,NA,NA,"","",1,87500,NA,"personal"
"885","9/17/2018 11:28","9/17/2018 12:01",33,1966,FALSE,"10/22/2018 16:17","R_1gGBIQ1PZzsVqOp",NA,NA,0,0.7,"Yes","Yes","No","",NA,NA,"No or did not report","","",NA,"","","","",NA,"Less than 100% of the time",NA,NA,NA,NA,NA,NA,NA,NA,"","",0.3,87500,NA,"government"
"886","9/4/2018 14:46","9/4/2018 14:53",33,412,FALSE,"10/22/2018 16:17","R_3D8Btp8I7oTTgbn",NA,NA,0,0,"Yes","No","No","",NA,NA,"No or did not report","","",NA,"","","","",NA,"Less than 100% of the time",NA,NA,NA,NA,NA,NA,NA,NA,"","",1,87500,NA,"personal"
"887","9/7/2018 12:37","9/15/2018 14:24",33,697583,FALSE,"10/22/2018 16:17","R_1GNvsIAxUq35knC",NA,NA,0,0,"Yes","No","No","",NA,NA,"No or did not report","","",NA,"","","","",NA,"Less than 100% of the time",NA,NA,NA,NA,NA,NA,NA,NA,"","",1,87500,NA,"personal"
"888","9/6/2018 9:35","9/6/2018 9:39",33,278,FALSE,"10/22/2018 16:17","R_3Pdfnn4xem4wLiY",NA,NA,0,0,"Yes","Yes","No","",NA,NA,"No or did not report","","",NA,"","","","",NA,"Less than 100% of the time",NA,NA,NA,NA,NA,NA,NA,NA,"","",1,87500,NA,"personal"
"889","9/17/2018 18:23","9/17/2018 18:27",33,248,FALSE,"10/22/2018 16:17","R_28Yedw3dwxZGhrt",NA,NA,0,0,"Yes","No","No","",NA,NA,"No or did not report","","",NA,"","","","",NA,"Less than 100% of the time",NA,NA,NA,NA,NA,NA,NA,NA,"","",1,87500,NA,"personal"
"890","9/12/2018 9:38","9/13/2018 9:25",33,85604,FALSE,"10/22/2018 16:17","R_2uV7g2W8gkYuqea",NA,NA,0,0,"Yes","No",NA,"",NA,NA,"No or did not report","","",NA,"","","","",NA,"Less than 100% of the time",NA,NA,NA,NA,NA,NA,NA,NA,"","",1,87500,NA,"personal"
"891","9/21/2018 6:35","9/21/2018 6:37",33,137,FALSE,"10/22/2018 16:17","R_115RouDC6BxaRXK",NA,NA,0,0,"Yes","No","No","",NA,NA,"No or did not report","","",NA,"","","","",NA,"Less than 100% of the time",NA,NA,NA,NA,NA,NA,NA,NA,"","",1,87500,NA,"personal"
"892","9/27/2018 18:38","9/27/2018 18:41",29,198,FALSE,"10/22/2018 16:17","R_5q01Tq77BrePshH",NA,NA,0,0,"Yes","Yes","Yes","",NA,NA,"No or did not report","","",NA,"","","","",NA,"Less than 100% of the time",NA,NA,NA,NA,NA,NA,NA,NA,"","",1,87500,NA,"personal"
"893","9/16/2018 15:40","9/16/2018 15:54",33,866,FALSE,"10/22/2018 16:17","R_SC7dScyr5GHxgwV",NA,NA,0,0,"Yes","No","No","",NA,NA,"No or did not report","","",NA,"","","","",NA,"Less than 100% of the time",NA,NA,NA,NA,NA,NA,NA,NA,"","",1,87500,NA,"personal"
"894","9/10/2018 16:24","9/10/2018 16:33",33,501,FALSE,"10/22/2018 16:17","R_XYtVBUHKMNBO1UJ",NA,NA,0,0,"Yes","Yes",NA,"",NA,NA,"No or did not report","","",NA,"","","","",NA,"Less than 100% of the time",NA,NA,NA,NA,NA,NA,NA,NA,"","",1,87500,NA,"personal"
"895","9/8/2018 11:44","9/8/2018 11:45",33,74,FALSE,"10/22/2018 16:17","R_1ffx3ZGZBSqVHMj",NA,NA,0,0,"Yes","No","No","",NA,NA,"No or did not report","","",NA,"","","","",NA,"Less than 100% of the time",NA,NA,NA,NA,NA,NA,NA,NA,"","",1,87500,NA,"personal"
"896","9/10/2018 10:47","9/10/2018 11:02",33,899,FALSE,"10/22/2018 16:17","R_RJ3UJh2wNGMPvqN",NA,NA,0,0.1,"Yes","Yes","No","",NA,NA,"No or did not report","","",NA,"","","","",NA,"Less than 100% of the time",NA,NA,NA,NA,NA,NA,NA,NA,"","",0.9,87500,NA,"personal"
"897","9/2/2018 22:24","9/2/2018 22:29",33,329,FALSE,"10/22/2018 16:17","R_3fpDiw1SWpn8gDm",NA,NA,0.4,0,"Yes","No","Yes","",NA,NA,"No or did not report","","",NA,"","","","",NA,"Less than 100% of the time",NA,NA,NA,NA,NA,NA,NA,NA,"","",0.6,87500,NA,"personal"
"898","9/26/2018 16:25","9/26/2018 19:20",33,10471,FALSE,"10/22/2018 16:17","R_3s5ljj8CKzLiFo5",NA,NA,0,0,"Yes","Yes",NA,"",NA,NA,"No or did not report","","",NA,"","","","",NA,"Less than 100% of the time",NA,NA,NA,NA,NA,NA,NA,NA,"","",1,87500,NA,"personal"
"899","9/27/2018 16:00","9/27/2018 16:07",33,386,FALSE,"10/22/2018 16:17","R_1i9udNWqSdhmbiF",NA,NA,0,0,"Yes","Yes","No","",NA,NA,"No or did not report","","",NA,"","","","",NA,"Less than 100% of the time",NA,NA,NA,NA,NA,NA,NA,NA,"","",1,87500,NA,"personal"
"900","9/22/2018 13:03","9/22/2018 13:09",33,373,FALSE,"10/22/2018 16:17","R_2TMHh5I7nt0vj1W",NA,NA,0,0,"Yes","No","No","",NA,NA,"No or did not report","","",NA,"","","","",NA,"Less than 100% of the time",NA,NA,NA,NA,NA,NA,NA,NA,"","",1,87500,NA,"personal"
"901","9/28/2018 10:26","9/28/2018 10:32",33,360,FALSE,"10/22/2018 16:17","R_qyGTIDsX0cX9cjL",NA,NA,0,0,"Yes","No",NA,"",NA,NA,"No or did not report","","",NA,"","","","",NA,"Less than 100% of the time",NA,NA,NA,NA,NA,NA,NA,NA,"","",1,87500,NA,"personal"
"902","9/11/2018 11:47","9/11/2018 11:48",33,52,FALSE,"10/22/2018 16:17","R_a3G2zbG9xkcvhxn",NA,NA,0,0,"Yes","No","No","",NA,NA,"No or did not report","","",NA,"","","","",NA,"Less than 100% of the time",NA,NA,NA,NA,NA,NA,NA,NA,"","",1,87500,NA,"personal"
"903","9/30/2018 8:17","9/30/2018 8:17",0,33,FALSE,"10/22/2018 16:17","R_211Cfc9hxd1TbeH",NA,NA,0,0,"","",NA,"",NA,NA,"No or did not report","","",NA,"","","","",NA,"Less than 100% of the time",NA,NA,NA,NA,NA,NA,NA,NA,"","",1,87500,NA,"personal"
"904","9/30/2018 8:35","9/30/2018 8:40",33,294,FALSE,"10/22/2018 16:17","R_10CmT5YHmfy6PCz",NA,NA,0,0,"Yes","Yes","No","",NA,NA,"No or did not report","","",NA,"","","","",NA,"Less than 100% of the time",NA,NA,NA,NA,NA,NA,NA,NA,"","",1,87500,NA,"personal"
"905","9/27/2018 18:13","9/30/2018 18:43",33,260985,FALSE,"10/22/2018 16:17","R_1LoCLCGSyNOrmtA",NA,NA,0,0,"Yes","Yes",NA,"",NA,NA,"No or did not report","","",NA,"","","","",NA,"Less than 100% of the time",NA,NA,NA,NA,NA,NA,NA,NA,"","",1,87500,NA,"personal"
"906","9/27/2018 20:09","9/27/2018 20:10",33,86,FALSE,"10/22/2018 16:17","R_3Krnaq2rzsrwmBG",NA,NA,0.3,0,"Yes","Yes",NA,"",NA,NA,"No or did not report","","",NA,"","","","",NA,"Less than 100% of the time",NA,NA,NA,NA,NA,NA,NA,NA,"","",0.7,87500,NA,"personal"
"907","9/27/2018 18:15","9/27/2018 18:26",29,650,FALSE,"10/22/2018 16:17","R_1pGP8gWWGXioJHg",NA,NA,0,0,"Yes","No","No","",NA,NA,"No or did not report","","",NA,"","","","",NA,"Less than 100% of the time",NA,NA,NA,NA,NA,NA,NA,NA,"","",1,87500,NA,"personal"
"908","10/1/2018 14:59","10/1/2018 15:43",29,2680,FALSE,"10/22/2018 16:17","R_3M3ElTsOymaW9y1",NA,NA,0,0,"Yes","Yes","No","",NA,NA,"No or did not report","","",NA,"","","","",NA,"Less than 100% of the time",NA,NA,NA,NA,NA,NA,NA,NA,"","",1,87500,NA,"personal"
"909","9/16/2018 19:44","9/16/2018 19:50",33,414,FALSE,"10/22/2018 16:17","R_3noNEJlxEHv6jkq",NA,NA,0,0,"Yes","No","No","",NA,NA,"No or did not report","","",NA,"","","","",NA,"Less than 100% of the time",NA,NA,NA,NA,NA,NA,NA,NA,"","",1,87500,NA,"personal"
"910","10/1/2018 16:38","10/1/2018 16:47",33,492,FALSE,"10/22/2018 16:17","R_3Wd5wlnCJlyHCKZ",NA,NA,0,0,"Yes","No","No","",NA,NA,"No or did not report","","",NA,"","","","",NA,"Less than 100% of the time",NA,NA,NA,NA,NA,NA,NA,NA,"","",1,87500,NA,"personal"
"911","10/3/2018 7:44","10/5/2018 9:02",33,177490,FALSE,"10/22/2018 16:17","R_2tDoaqvaawKh9yI",NA,NA,0,0.2,"Yes","Yes","No","",NA,NA,"No or did not report","","",NA,"","","","",NA,"Less than 100% of the time",NA,NA,NA,NA,NA,NA,NA,NA,"","",0.8,87500,NA,"personal"
"912","9/28/2018 5:13","9/28/2018 5:19",33,318,FALSE,"10/22/2018 16:17","R_1BSdEXkmsP5wwU1",NA,NA,0,0,"Yes","No",NA,"",NA,NA,"No or did not report","","",NA,"","","","",NA,"Less than 100% of the time",NA,NA,NA,NA,NA,NA,NA,NA,"","",1,87500,NA,"personal"
"913","10/4/2018 19:01","10/4/2018 19:10",33,526,FALSE,"10/22/2018 16:17","R_sSQLWj9oAS8R4Kl",NA,NA,0,0,"Yes","No",NA,"",NA,NA,"No or did not report","","",NA,"","","","",NA,"Less than 100% of the time",NA,NA,NA,NA,NA,NA,NA,NA,"","",1,87500,NA,"personal"
"914","10/2/2018 11:19","10/2/2018 11:21",33,118,FALSE,"10/22/2018 16:17","R_1esiv85c60Z4fVX",NA,NA,0,0,"Yes","Yes","No","",NA,NA,"No or did not report","","",NA,"","","","",NA,"Less than 100% of the time",NA,NA,NA,NA,NA,NA,NA,NA,"","",1,87500,NA,"personal"
"915","9/28/2018 12:23","9/28/2018 21:47",33,33815,FALSE,"10/22/2018 16:17","R_2Spj4gtdacTkGf4",NA,NA,0,0,"Yes","Yes",NA,"",NA,NA,"No or did not report","","",NA,"","","","",NA,"Less than 100% of the time",NA,NA,NA,NA,NA,NA,NA,NA,"","",1,87500,NA,"personal"
"916","10/7/2018 17:06","10/7/2018 17:09",29,207,FALSE,"10/22/2018 16:17","R_VWk9gvKiF0CPxfP",NA,NA,0,0,"Yes","No","No","",NA,NA,"No or did not report","","",NA,"","","","",NA,"Less than 100% of the time",NA,NA,NA,NA,NA,NA,NA,NA,"","",1,87500,NA,"personal"
"917","10/10/2018 10:36","10/10/2018 10:41",29,304,FALSE,"10/22/2018 16:17","R_3oOdbL2qqtsQd9j",NA,NA,0,0.1,"Yes","Yes",NA,"",NA,NA,"No or did not report","","",NA,"","","","",NA,"Less than 100% of the time",NA,NA,NA,NA,NA,NA,NA,NA,"","",0.9,87500,NA,"personal"
"918","9/29/2018 7:47","9/29/2018 7:54",33,405,FALSE,"10/22/2018 16:17","R_1oA0qx5zy6yjy3F",NA,NA,0,0,"Yes","Yes","No","",NA,NA,"No or did not report","","",NA,"","","","",NA,"Less than 100% of the time",NA,NA,NA,NA,NA,NA,NA,NA,"","",1,87500,NA,"personal"
"919","8/28/2018 19:12","8/28/2018 19:55",96,2586,FALSE,"10/22/2018 16:17","R_3DdsJyE7kfoFbUe",NA,NA,0,0,"Yes","No","No","3",5,1,"No or did not report","","No",NA,"","","No","",41,"Less than 100% of the time",4,1,2,1,1,1,4,3,"Reporting: keeping an eye out for invasive plants and animals after each boat trip and report sightings?(Note, convenient and user-friendly reporting tools are available, such as smart phone apps.)","",1,62500,"41-50","personal"
"920","8/29/2018 15:27","8/29/2018 16:09",33,2520,FALSE,"10/22/2018 16:18","R_1H2hnDqJ7LOHSVL",NA,NA,0,0.1,"Yes","Yes","No","",NA,NA,"No or did not report","","",NA,"","","","",NA,"Less than 100% of the time",NA,NA,NA,NA,NA,NA,NA,NA,"","",0.9,87500,NA,"personal"
"921","8/29/2018 21:49","8/29/2018 21:50",33,96,FALSE,"10/22/2018 16:18","R_3j87Vb1mcmM7aIB",NA,NA,0,0,"Yes","No","Yes","",NA,NA,"No or did not report","","",NA,"","","","",NA,"Less than 100% of the time",NA,NA,NA,NA,NA,NA,NA,NA,"","",1,87500,NA,"personal"
"922","8/28/2018 16:55","8/28/2018 16:57",33,93,FALSE,"10/22/2018 16:18","R_W7pMKyUV88JEjoR",NA,NA,0.5,0,"Yes","Yes","No","",NA,NA,"No or did not report","","",NA,"","","","",NA,"Less than 100% of the time",NA,NA,NA,NA,NA,NA,NA,NA,"","",0.5,87500,NA,"government"
"923","8/30/2018 9:50","8/30/2018 10:10",29,1234,FALSE,"10/22/2018 16:18","R_1DThqvX055irAfk",NA,NA,0,0,"Yes","No","Yes","",NA,NA,"No or did not report","","",NA,"","","","",NA,"Less than 100% of the time",NA,NA,NA,NA,NA,NA,NA,NA,"","",1,87500,NA,"personal"
"924","8/30/2018 11:41","8/30/2018 12:11",33,1840,FALSE,"10/22/2018 16:18","R_2EyHTsFdBid1PJI",NA,NA,0,0,"Yes","Yes","No","",NA,NA,"No or did not report","","",NA,"","","","",NA,"Less than 100% of the time",NA,NA,NA,NA,NA,NA,NA,NA,"","",1,87500,NA,"personal"
"925","8/28/2018 17:06","8/28/2018 17:25",33,1152,FALSE,"10/22/2018 16:18","R_3QW8rslt17gAn1n",NA,NA,0,0,"Yes","Yes",NA,"",NA,NA,"No or did not report","","",NA,"","","","",NA,"Less than 100% of the time",NA,NA,NA,NA,NA,NA,NA,NA,"","",1,87500,NA,"personal"
"926","8/30/2018 18:41","8/30/2018 18:48",33,453,FALSE,"10/22/2018 16:18","R_XUuTc4Xi5QFgvS1",NA,NA,0,0,"Yes","No","No","",NA,NA,"No or did not report","","",NA,"","","","",NA,"Less than 100% of the time",NA,NA,NA,NA,NA,NA,NA,NA,"","",1,87500,NA,"personal"
"927","8/31/2018 6:27","8/31/2018 6:44",33,1019,FALSE,"10/22/2018 16:18","R_8dCPYEYCnxnZjc5",NA,NA,0,0,"Yes","Yes","Yes","",NA,NA,"No or did not report","","",NA,"","","","",NA,"Less than 100% of the time",NA,NA,NA,NA,NA,NA,NA,NA,"","",1,87500,NA,"personal"
"928","8/30/2018 6:02","8/30/2018 6:21",33,1091,FALSE,"10/22/2018 16:18","R_3EQmHQ4YhkAohfO",NA,NA,0,0,"Yes","Yes","No","",NA,NA,"No or did not report","","",NA,"","","","",NA,"Less than 100% of the time",NA,NA,NA,NA,NA,NA,NA,NA,"","",1,87500,NA,"personal"
"929","9/1/2018 14:36","9/1/2018 14:44",33,463,FALSE,"10/22/2018 16:18","R_25Yke72XEM391IY",NA,NA,0,0,"Yes","No","No","",NA,NA,"No or did not report","","",NA,"","","","",NA,"Less than 100% of the time",NA,NA,NA,NA,NA,NA,NA,NA,"","",1,87500,NA,"personal"
"930","9/18/2018 20:41","9/20/2018 16:01",33,155994,FALSE,"10/22/2018 16:18","R_tWjk7GGNPisiAnf",NA,NA,0,0,"Yes","No","No","",NA,NA,"No or did not report","","",NA,"","","","",NA,"Less than 100% of the time",NA,NA,NA,NA,NA,NA,NA,NA,"","",1,87500,NA,"personal"
"931","10/1/2018 20:57","10/20/2018 13:08",33,1613484,FALSE,"10/22/2018 16:18","R_2q3NiZQyjdCOAKI",NA,NA,0,0,"Yes","No","No","",NA,NA,"No or did not report","","",NA,"","","","",NA,"Less than 100% of the time",NA,NA,NA,NA,NA,NA,NA,NA,"","",1,87500,NA,"personal"
"932","9/4/2018 14:16","9/4/2018 14:17",33,101,FALSE,"10/22/2018 16:18","R_31v1Y3yZNrfDoPz",NA,NA,0,0,"Yes","No","No","",NA,NA,"No or did not report","","",NA,"","","","",NA,"Less than 100% of the time",NA,NA,NA,NA,NA,NA,NA,NA,"","",1,87500,NA,"personal"
"933","9/4/2018 7:12","9/4/2018 7:19",29,380,FALSE,"10/22/2018 16:18","R_39riUvgfkP4zq6Z",NA,NA,0.1,0,"Yes","No","No","",NA,NA,"No or did not report","","",NA,"","","","",NA,"Less than 100% of the time",NA,NA,NA,NA,NA,NA,NA,NA,"","",0.9,87500,NA,"personal"
"934","9/11/2018 14:54","9/11/2018 15:24",33,1797,FALSE,"10/22/2018 16:18","R_2wctWoDKmtCHD2C",NA,NA,0,0,"Yes","No","No","",NA,NA,"No or did not report","","",NA,"","","","",NA,"Less than 100% of the time",NA,NA,NA,NA,NA,NA,NA,NA,"","",1,87500,NA,"personal"
"935","9/10/2018 8:15","9/10/2018 8:19",33,202,FALSE,"10/22/2018 16:18","R_3gYHMFE6WCKzm18",NA,NA,0,0,"Yes","Yes","No","",NA,NA,"No or did not report","","",NA,"","","","",NA,"Less than 100% of the time",NA,NA,NA,NA,NA,NA,NA,NA,"","",1,87500,NA,"personal"
"936","9/9/2018 14:14","9/9/2018 14:15",33,65,FALSE,"10/22/2018 16:18","R_28THW6JAg5ZQDs9",NA,NA,0,0,"Yes","Yes","No","",NA,NA,"No or did not report","","",NA,"","","","",NA,"Less than 100% of the time",NA,NA,NA,NA,NA,NA,NA,NA,"","",1,87500,NA,"personal"
"937","9/10/2018 11:57","9/10/2018 12:04",33,430,FALSE,"10/22/2018 16:18","R_27OtvoXHBqGIVRE",NA,NA,0,0,"Yes","No","No","",NA,NA,"No or did not report","","",NA,"","","","",NA,"Less than 100% of the time",NA,NA,NA,NA,NA,NA,NA,NA,"","",1,87500,NA,"personal"
"938","9/12/2018 18:14","9/12/2018 18:28",33,858,FALSE,"10/22/2018 16:18","R_1oInUwmGnkcMmob",NA,NA,0,0,"Yes","Yes","No","",NA,NA,"No or did not report","","",NA,"","","","",NA,"Less than 100% of the time",NA,NA,NA,NA,NA,NA,NA,NA,"","",1,87500,NA,"personal"
"939","9/14/2018 10:18","9/14/2018 10:19",33,70,FALSE,"10/22/2018 16:18","R_DC4k8kuu2YYKV4R",NA,NA,0,0,"Yes","Yes","No","",NA,NA,"No or did not report","","",NA,"","","","",NA,"Less than 100% of the time",NA,NA,NA,NA,NA,NA,NA,NA,"","",1,87500,NA,"personal"
"940","9/11/2018 16:29","9/11/2018 16:32",33,198,FALSE,"10/22/2018 16:18","R_stZ7K438e2oq4yB",NA,NA,0,0,"Yes","No","Yes","",NA,NA,"No or did not report","","",NA,"","","","",NA,"Less than 100% of the time",NA,NA,NA,NA,NA,NA,NA,NA,"","",1,87500,NA,"personal"
"941","8/30/2018 20:33","8/30/2018 20:50",33,1025,FALSE,"10/22/2018 16:18","R_UtO8TXJQgDZ7khX",NA,NA,0,0,"Yes","No","No","",NA,NA,"No or did not report","","",NA,"","","","",NA,"Less than 100% of the time",NA,NA,NA,NA,NA,NA,NA,NA,"","",1,87500,NA,"personal"
"942","9/14/2018 11:22","9/14/2018 11:27",33,284,FALSE,"10/22/2018 16:18","R_2zAybvVH7vMeDOr",NA,NA,0.4,0,"Yes","No",NA,"",NA,NA,"No or did not report","","",NA,"","","","",NA,"Less than 100% of the time",NA,NA,NA,NA,NA,NA,NA,NA,"","",0.6,87500,NA,"personal"
"943","9/18/2018 11:36","9/18/2018 11:39",33,148,FALSE,"10/22/2018 16:18","R_1H2DM97rHUKM1yl",NA,NA,0,0,"Yes","Yes","No","",NA,NA,"No or did not report","","",NA,"","","","",NA,"Less than 100% of the time",NA,NA,NA,NA,NA,NA,NA,NA,"","",1,87500,NA,"personal"
"944","9/21/2018 15:55","9/21/2018 15:59",33,227,FALSE,"10/22/2018 16:18","R_1myJL9G6Ggc51mh",NA,NA,0,0,"Yes","No","No","",NA,NA,"No or did not report","","",NA,"","","","",NA,"Less than 100% of the time",NA,NA,NA,NA,NA,NA,NA,NA,"","",1,87500,NA,"personal"
"945","9/19/2018 11:58","9/19/2018 12:00",33,119,FALSE,"10/22/2018 16:18","R_1ONM821VNsyw8gF",NA,NA,0,0,"Yes","Yes","No","",NA,NA,"No or did not report","","",NA,"","","","",NA,"Less than 100% of the time",NA,NA,NA,NA,NA,NA,NA,NA,"","",1,87500,NA,"personal"
"946","9/23/2018 8:43","9/23/2018 9:08",33,1536,FALSE,"10/22/2018 16:18","R_bdQ1cAxoQS36Gad",NA,NA,0,0,"Yes","No",NA,"",NA,NA,"No or did not report","","",NA,"","","","",NA,"Less than 100% of the time",NA,NA,NA,NA,NA,NA,NA,NA,"","",1,87500,NA,"personal"
"947","9/19/2018 13:18","9/19/2018 13:20",33,85,FALSE,"10/22/2018 16:18","R_2TYl5wZMKPV5TLu",NA,NA,0,0,"Yes","Yes","No","",NA,NA,"No or did not report","","",NA,"","","","",NA,"Less than 100% of the time",NA,NA,NA,NA,NA,NA,NA,NA,"","",1,87500,NA,"personal"
"948","9/26/2018 20:30","9/26/2018 20:51",33,1217,FALSE,"10/22/2018 16:18","R_3fvdIXVbUeya1u0",NA,NA,0,0,"Yes","Yes","No","",NA,NA,"No or did not report","","",NA,"","","","",NA,"Less than 100% of the time",NA,NA,NA,NA,NA,NA,NA,NA,"","",1,87500,NA,"personal"
"949","9/26/2018 17:00","9/26/2018 17:08",33,473,FALSE,"10/22/2018 16:18","R_3P5K9311WUkyMc0",NA,NA,0,0,"Yes","Yes","No","",NA,NA,"No or did not report","","",NA,"","","","",NA,"Less than 100% of the time",NA,NA,NA,NA,NA,NA,NA,NA,"","",1,87500,NA,"personal"
"950","9/27/2018 0:07","9/27/2018 0:27",33,1210,FALSE,"10/22/2018 16:18","R_2dheiQXLQivqOaY",NA,NA,0,0,"Yes","No","No","",NA,NA,"No or did not report","","",NA,"","","","",NA,"Less than 100% of the time",NA,NA,NA,NA,NA,NA,NA,NA,"","",1,87500,NA,"personal"
"951","9/27/2018 8:43","9/27/2018 8:45",33,100,FALSE,"10/22/2018 16:18","R_1eUKN7fw5z6IknL",NA,NA,0,0,"Yes","No","No","",NA,NA,"No or did not report","","",NA,"","","","",NA,"Less than 100% of the time",NA,NA,NA,NA,NA,NA,NA,NA,"","",1,87500,NA,"personal"
"952","9/27/2018 15:56","9/27/2018 15:59",29,189,FALSE,"10/22/2018 16:18","R_1eRUNnickq9I8JQ",NA,NA,0,0,"Yes","No","No","",NA,NA,"No or did not report","","",NA,"","","","",NA,"Less than 100% of the time",NA,NA,NA,NA,NA,NA,NA,NA,"","",1,87500,NA,"personal"
"953","10/2/2018 10:59","10/2/2018 11:04",33,302,FALSE,"10/22/2018 16:18","R_3lryQ02f4gYIXka",NA,NA,0,0,"Yes","Yes","No","",NA,NA,"No or did not report","","",NA,"","","","",NA,"Less than 100% of the time",NA,NA,NA,NA,NA,NA,NA,NA,"","",1,87500,NA,"personal"
"954","10/6/2018 8:46","10/6/2018 8:57",33,685,FALSE,"10/22/2018 16:18","R_3Pk6BvRpbNCJn9c",NA,NA,0,0,"Yes","Yes","No","",NA,NA,"No or did not report","","",NA,"","","","",NA,"Less than 100% of the time",NA,NA,NA,NA,NA,NA,NA,NA,"","",1,87500,NA,"personal"
"955","10/17/2018 8:36","10/17/2018 8:39",21,133,FALSE,"10/22/2018 16:18","R_2BqU6r4WztUGq2M",NA,NA,0,0,"","",NA,"",NA,NA,"No or did not report","","",NA,"","","","",NA,"Less than 100% of the time",NA,NA,NA,NA,NA,NA,NA,NA,"","",1,87500,NA,"personal"
"956","10/1/2018 11:06","10/1/2018 11:15",71,564,FALSE,"10/22/2018 16:18","R_qO74nopnamP5obf",NA,NA,0,0,"Yes","No","No","2",1,1,"No or did not report","","No",NA,"","","Yes","",NA,"Less than 100% of the time",NA,NA,NA,NA,NA,NA,NA,NA,"","",1,87500,NA,"personal"
"957","10/17/2018 9:02","10/17/2018 9:06",33,263,FALSE,"10/22/2018 16:18","R_UlrofIsNhhyMBPP",NA,NA,0,0,"Yes","No","No","",NA,NA,"No or did not report","","",NA,"","","","",NA,"Less than 100% of the time",NA,NA,NA,NA,NA,NA,NA,NA,"","",1,87500,NA,"personal"
"958","9/28/2018 17:06","9/28/2018 17:29",33,1380,FALSE,"10/22/2018 16:18","R_1ClKHhnaukH8jvu",NA,NA,0,0,"Yes","No","No","",NA,NA,"No or did not report","","",NA,"","","","",NA,"Less than 100% of the time",NA,NA,NA,NA,NA,NA,NA,NA,"","",1,87500,NA,"personal"
"959","8/31/2018 8:21","8/31/2018 8:45",33,1484,FALSE,"10/22/2018 16:18","R_2rTT74Gl7Y7Tn5J",NA,NA,0,0,"Yes","Yes","No","",NA,NA,"No or did not report","","",NA,"","","","",NA,"Less than 100% of the time",NA,NA,NA,NA,NA,NA,NA,NA,"","",1,87500,NA,"personal"
"960","9/1/2018 11:46","9/1/2018 11:52",33,353,FALSE,"10/22/2018 16:18","R_bBIfuEomv32ehNL",NA,NA,0,0,"Yes","No",NA,"",NA,NA,"No or did not report","","",NA,"","","","",NA,"Less than 100% of the time",NA,NA,NA,NA,NA,NA,NA,NA,"","",1,87500,NA,"personal"
"961","8/29/2018 7:49","8/29/2018 7:51",33,77,FALSE,"10/22/2018 16:18","R_3hgB9reGsvHXwOD",NA,NA,0.9,0,"Yes","No","No","",NA,NA,"No or did not report","","",NA,"","","","",NA,"Less than 100% of the time",NA,NA,NA,NA,NA,NA,NA,NA,"","",0.1,87500,NA,"commercial"
"962","9/4/2018 19:23","9/4/2018 19:29",33,376,FALSE,"10/22/2018 16:18","R_3e35INy7iwilkkz",NA,NA,0,0,"Yes","No","No","",NA,NA,"No or did not report","","",NA,"","","","",NA,"Less than 100% of the time",NA,NA,NA,NA,NA,NA,NA,NA,"","",1,87500,NA,"personal"
"963","9/7/2018 12:11","9/7/2018 12:13",33,134,FALSE,"10/22/2018 16:18","R_ZgytP3UQieAcIgN",NA,NA,0,0,"Yes","No","No","",NA,NA,"No or did not report","","",NA,"","","","",NA,"Less than 100% of the time",NA,NA,NA,NA,NA,NA,NA,NA,"","",1,87500,NA,"personal"
"964","8/29/2018 13:23","8/29/2018 13:29",33,384,FALSE,"10/22/2018 16:18","R_yjW2l6nGDjewHa9",NA,NA,0,0,"Yes","No","No","",NA,NA,"No or did not report","","",NA,"","","","",NA,"Less than 100% of the time",NA,NA,NA,NA,NA,NA,NA,NA,"","",1,87500,NA,"personal"
"965","9/7/2018 15:39","9/7/2018 15:47",33,494,FALSE,"10/22/2018 16:18","R_3iU7cBvwi4fZ0HM",NA,NA,0,0,"Yes","No","No","",NA,NA,"No or did not report","","",NA,"","","","",NA,"Less than 100% of the time",NA,NA,NA,NA,NA,NA,NA,NA,"","",1,87500,NA,"personal"
